Rk,,Age,G,GS,MP,FG,FGA,FG%,3P,3PA,3P%,2P,2PA,2P%,FT,FTA,FT%,ORB,DRB,TRB,AST,STL,BLK,TOV,PF,PTS,,ORtg,DRtg
1,Larry Bird\birdla01,29,82,81,3113,12.1,24.5,.496,1.2,3.0,.423,10.9,21.5,.506,6.7,7.5,.896,2.9,9.4,12.3,8.5,2.5,0.8,4.1,2.8,32.2,,117,99
2,Dennis Johnson\johnsde01,31,78,78,2732,8.4,18.4,.455,0.1,0.7,.143,8.3,17.7,.468,4.2,5.2,.818,1.2,3.5,4.7,7.9,1.9,0.6,3.0,3.6,21.1,,107,104
3,Robert Parish\parisro01,32,81,80,2567,9.8,17.8,.549,0.0,0.0,,9.8,17.8,.549,4.5,6.2,.731,4.5,9.7,14.2,2.7,1.2,2.1,3.5,4.0,24.1,,112,100
4,Danny Ainge\aingeda01,26,80,78,2407,7.0,13.8,.504,0.5,1.4,.356,6.4,12.4,.521,2.4,2.7,.904,0.9,3.7,4.6,8.0,1.9,0.1,2.5,4.0,16.8,,115,105
5,Kevin McHale\mchalke01,28,68,62,2397,11.1,19.4,.574,0.0,0.0,,11.1,19.4,.574,6.5,8.3,.776,3.4,7.5,10.9,3.6,0.6,2.7,2.9,3.8,28.7,,122,103
6,Jerry Sichting\sichtje01,29,82,7,1596,7.0,12.2,.570,0.2,0.5,.375,6.8,11.8,.578,1.8,2.0,.924,0.8,2.3,3.1,5.6,1.5,0.0,2.2,3.5,16.0,,118,107
7,Bill Walton\waltobi01,33,80,2,1546,7.1,12.6,.562,0.0,0.0,,7.1,12.6,.562,4.4,6.2,.713,4.2,12.5,16.7,5.1,1.2,3.3,4.6,6.4,18.6,,108,97
8,Scott Wedman\wedmasc01,33,79,19,1402,9.7,20.5,.473,0.6,1.6,.354,9.1,18.8,.483,1.5,2.3,.662,2.2,4.3,6.5,2.8,1.3,0.7,1.8,4.3,21.4,,104,105
9,Rick Carlisle\carliri01,26,77,1,760,5.7,11.8,.487,0.0,0.6,.000,5.7,11.2,.514,0.9,1.4,.652,1.4,3.4,4.8,6.5,1.2,0.2,3.1,5.7,12.4,,99,106
10,Greg Kite\kitegr01,24,64,2,464,3.5,9.3,.374,0.0,0.1,.000,3.5,9.2,.378,1.5,4.0,.385,3.6,9.5,13.1,1.7,0.3,2.9,3.3,8.3,8.5,,79,101
11,Sam Vincent\vincesa01,22,57,0,432,6.5,17.8,.364,0.1,0.4,.250,6.4,17.3,.367,7.1,7.7,.929,1.2,4.1,5.3,7.6,1.9,0.4,5.4,6.5,20.2,,94,104
12,David Thirdkill\thirdda01,25,49,0,385,6.7,13.6,.491,0.0,0.1,.000,6.7,13.4,.495,6.8,10.8,.625,3.3,5.3,8.6,1.8,1.4,0.4,2.3,6.8,20.1,,111,104
13,Sly Williams\willisl01,28,6,0,54,4.4,18.4,.238,0.0,3.5,.000,4.4,14.9,.294,6.1,10.5,.583,6.1,7.0,13.2,1.8,0.9,0.9,6.1,13.2,14.9,,71,103