Rk,,Age,G,MP,PER,TS%,3PAr,FTr,ORB%,DRB%,TRB%,AST%,STL%,BLK%,TOV%,USG%,,OWS,DWS,WS,WS/48,,OBPM,DBPM,BPM,VORP
1,Larry Bird\birdla01,29,82,3113,25.6,.580,.121,.306,7.2,20.4,14.2,26.3,2.5,0.9,12.7,27.6,,9.6,6.2,15.8,.244,,6.4,2.8,9.1,8.7
2,Dennis Johnson\johnsde01,31,78,2732,14.7,.509,.040,.280,3.0,7.5,5.4,22.0,1.9,0.7,12.7,20.5,,3.0,3.7,6.7,.118,,0.4,0.3,0.7,1.8
3,Robert Parish\parisro01,32,81,2567,18.8,.586,.000,.347,11.3,21.1,16.5,7.7,1.2,2.5,14.4,20.8,,4.4,4.8,9.2,.171,,1.1,1.5,2.6,3.0
4,Danny Ainge\aingeda01,26,80,2407,13.6,.562,.104,.194,2.3,8.1,5.4,21.3,1.9,0.2,14.5,15.2,,3.6,3.2,6.8,.136,,0.9,0.3,1.2,1.9
5,Kevin McHale\mchalke01,28,68,2397,21.6,.623,.000,.429,8.4,16.4,12.7,10.8,0.6,3.1,11.4,22.5,,7.2,3.8,11.0,.220,,3.4,1.2,4.6,4.0
6,Jerry Sichting\sichtje01,29,82,1596,11.9,.609,.039,.160,2.0,5.0,3.6,14.9,1.5,0.0,14.2,13.2,,2.4,1.8,4.2,.126,,-0.1,-0.8,-0.9,0.5
7,Bill Walton\waltobi01,33,80,1546,17.0,.606,.000,.491,10.4,27.3,19.4,13.6,1.2,3.8,23.2,17.3,,1.6,3.4,5.0,.157,,-0.6,3.7,3.1,2.0
8,Scott Wedman\wedmasc01,33,79,1402,12.5,.499,.079,.112,5.5,9.3,7.5,8.1,1.3,0.9,7.8,20.2,,0.9,1.8,2.7,.093,,-1.1,-1.0,-2.2,-0.1
9,Rick Carlisle\carliri01,26,77,760,7.9,.500,.053,.122,3.4,7.5,5.6,16.8,1.2,0.3,20.1,13.5,,0.0,0.9,0.9,.056,,-2.9,-0.6,-3.6,-0.3
10,Greg Kite\kitegr01,24,64,464,4.6,.384,.011,.429,8.9,20.7,15.2,4.2,0.3,3.3,22.8,12.4,,-0.7,0.8,0.1,.007,,-6.6,1.3,-5.3,-0.4
11,Sam Vincent\vincesa01,22,57,432,10.0,.477,.025,.432,3.0,8.9,6.1,20.0,1.9,0.5,20.3,23.0,,-0.3,0.6,0.3,.037,,-4.2,-1.1,-5.2,-0.3
12,David Thirdkill\thirdda01,25,49,385,12.1,.548,.009,.800,8.3,11.5,10.0,4.9,1.4,0.4,11.3,17.9,,0.5,0.5,1.0,.129,,-1.4,-1.3,-2.7,-0.1
13,Sly Williams\willisl01,28,6,54,-0.6,.323,.190,.571,15.3,15.3,15.3,4.4,0.9,1.0,21.0,25.3,,-0.2,0.1,-0.2,-0.136,,-8.6,-2.7,-11.3,-0.1