Rk,,Age,G,MP,PER,TS%,3PAr,FTr,ORB%,DRB%,TRB%,AST%,STL%,BLK%,TOV%,USG%,,OWS,DWS,WS,WS/48,,OBPM,DBPM,BPM,VORP
1,Paul Pierce\piercpa01,30,80,2874,19.6,.599,.332,.442,2.3,14.0,8.5,21.8,1.9,1.0,14.4,24.8,,6.7,5.7,12.4,.207,,3.3,1.5,4.7,4.9
2,Ray Allen\allenra02,32,73,2624,16.4,.584,.458,.240,3.6,8.3,6.1,14.6,1.3,0.5,10.4,21.6,,5.6,4.1,9.7,.177,,3.2,-0.1,3.1,3.4
3,Kevin Garnett\garneke01,31,71,2328,25.3,.588,.011,.339,7.3,25.1,16.8,19.9,2.3,3.1,10.8,25.5,,6.6,6.2,12.9,.265,,2.7,4.7,7.4,5.5
4,Rajon Rondo\rondora01,21,77,2306,15.6,.515,.027,.245,4.3,11.9,8.3,28.2,3.0,0.5,15.7,18.9,,2.3,4.9,7.2,.150,,-0.1,2.7,2.6,2.7
5,Kendrick Perkins\perkike01,23,78,1912,13.3,.632,.003,.526,9.6,19.3,14.8,6.8,0.9,4.9,22.6,13.5,,1.9,4.3,6.2,.156,,-1.7,4.3,2.6,2.2
6,James Posey\poseyja01,31,74,1821,12.0,.587,.674,.278,2.1,18.0,10.5,9.5,2.1,0.9,12.3,13.5,,2.2,4.0,6.2,.164,,0.5,2.4,2.9,2.3
7,Eddie House\houseed01,29,78,1480,13.0,.534,.561,.068,1.6,11.2,6.7,16.9,2.1,0.6,12.2,19.6,,1.1,2.8,3.9,.127,,0.5,0.3,0.8,1.1
8,Tony Allen\allento01,26,75,1373,10.7,.527,.147,.465,3.1,11.0,7.3,13.1,2.4,1.3,18.9,19.6,,-0.1,2.8,2.7,.093,,-3.2,1.8,-1.4,0.2
9,Glen Davis\davisgl01,22,69,940,11.3,.545,.000,.679,12.8,13.5,13.2,4.6,1.7,1.7,18.5,17.4,,0.6,1.9,2.5,.128,,-2.7,1.1,-1.6,0.1
10,Leon Powe\powele01,24,56,809,20.9,.629,.004,.717,14.9,18.3,16.7,3.3,1.0,1.6,10.8,22.8,,2.7,1.6,4.3,.256,,0.6,-1.5,-0.9,0.2
11,Brian Scalabrine\scalabr01,29,48,512,5.1,.428,.489,.213,5.4,12.5,9.2,11.2,0.9,1.3,20.2,11.7,,-0.3,0.9,0.6,.057,,-3.8,1.4,-2.4,-0.1
12,Sam Cassell\cassesa01,38,17,299,11.0,.461,.169,.192,2.1,9.8,6.2,19.9,1.6,0.8,11.9,24.9,,-0.1,0.5,0.4,.061,,-3.4,-0.6,-4.0,-0.1
13,P.J. Brown\brownpj01,38,18,209,10.2,.406,.024,.390,17.6,21.0,19.4,6.9,1.3,3.1,17.2,12.9,,0.0,0.5,0.5,.116,,-3.5,3.0,-0.5,0.1
14,Scot Pollard\pollasc01,32,22,173,8.7,.597,.000,.957,10.2,14.9,12.7,2.5,0.9,2.9,13.3,10.1,,0.3,0.3,0.6,.171,,-2.5,1.5,-1.0,0.0
15,Gabe Pruitt\pruitga01,21,15,95,8.3,.401,.308,.051,1.3,8.3,5.0,22.5,2.8,0.0,11.1,22.0,,-0.1,0.2,0.1,.028,,-4.1,-0.8,-4.8,-0.1
