Rk,,Age,G,GS,MP,FG,FGA,FG%,3P,3PA,3P%,2P,2PA,2P%,FT,FTA,FT%,ORB,DRB,TRB,AST,STL,BLK,TOV,PF,PTS,,ORtg,DRtg
1,Larry Bird\birdla01,27,79,77,3028,12.0,24.5,.492,0.3,1.2,.247,11.8,23.3,.504,5.9,6.7,.888,2.9,9.8,12.7,8.3,2.3,1.1,3.8,3.1,30.3,,115,101
2,Robert Parish\parisro01,30,80,79,2867,10.5,19.1,.546,0.0,0.0,,10.5,19.1,.546,4.6,6.2,.745,4.1,10.3,14.4,2.3,0.9,1.9,3.1,4.5,25.5,,115,102
3,Dennis Johnson\johnsde01,29,80,78,2665,6.9,15.9,.437,0.1,0.6,.125,6.9,15.3,.449,5.1,6.0,.852,1.6,3.5,5.1,6.1,1.7,1.0,3.1,4.5,19.0,,107,106
4,Kevin McHale\mchalke01,26,82,10,2577,11.0,19.7,.556,0.0,0.1,.333,10.9,19.6,.557,6.3,8.2,.765,3.9,7.5,11.4,1.9,0.4,2.4,2.8,4.5,28.2,,120,105
5,Cedric Maxwell\maxwece01,28,80,78,2502,6.1,11.5,.532,0.0,0.1,.167,6.1,11.3,.536,6.2,8.2,.753,3.9,5.0,8.9,3.9,1.2,0.5,3.9,4.3,18.4,,113,107
6,Gerald Henderson\hendege01,28,78,78,2088,8.7,16.5,.524,0.5,1.3,.351,8.2,15.2,.539,3.1,4.1,.768,1.6,1.8,3.4,6.9,2.7,0.3,3.7,4.8,20.9,,110,106
7,Quinn Buckner\bucknqu01,29,79,0,1249,5.3,12.4,.427,0.0,0.2,.000,5.3,12.2,.435,1.8,2.9,.649,1.6,3.7,5.3,8.2,3.2,0.1,3.9,7.2,12.5,,94,104
8,Danny Ainge\aingeda01,24,71,3,1154,6.9,15.1,.460,0.3,0.9,.273,6.7,14.1,.472,1.9,2.3,.821,1.2,3.6,4.8,6.8,1.7,0.2,2.9,6.0,16.0,,104,107
9,Scott Wedman\wedmasc01,31,68,5,916,7.8,17.5,.444,0.1,0.7,.154,7.7,16.8,.456,1.5,1.8,.829,2.2,5.1,7.3,3.5,1.4,0.4,2.3,5.6,17.2,,100,106
10,M.L. Carr\carrml01,33,60,1,585,5.8,14.1,.409,0.2,1.2,.200,5.5,12.8,.429,3.5,3.9,.875,2.1,4.0,6.2,4.0,1.4,0.3,3.8,5.5,15.2,,95,107
11,Greg Kite\kitegr01,22,35,1,197,7.3,16.1,.455,0.0,0.0,,7.3,16.1,.455,1.2,3.9,.313,6.6,8.6,15.1,1.7,0.2,1.2,4.9,10.3,15.9,,87,105
12,Carlos Clark\clarkca01,23,31,0,127,7.2,19.7,.365,0.0,0.8,.000,7.2,18.9,.380,6.1,6.8,.889,2.7,3.8,6.4,6.4,3.0,0.4,4.5,4.9,20.5,,95,104