Rk,,Age,G,GS,MP,FG,FGA,FG%,3P,3PA,3P%,2P,2PA,2P%,FT,FTA,FT%,ORB,DRB,TRB,AST,STL,BLK,TOV,PF,PTS,,ORtg,DRtg
1,Larry Bird\birdla01,24,82,82,3239,10.6,22.1,.478,0.3,1.1,.270,10.3,21.0,.489,4.2,4.8,.863,2.8,10.4,13.2,6.6,2.4,0.9,4.2,3.5,25.6,,107,99
2,Tiny Archibald\architi01,32,80,72,2820,6.5,12.9,.499,0.0,0.2,.000,6.5,12.8,.505,5.8,7.1,.816,0.6,2.4,3.0,10.4,1.3,0.3,4.5,3.4,18.7,,111,107
3,Cedric Maxwell\maxwece01,25,81,81,2730,7.7,13.1,.588,0.0,0.0,.000,7.7,13.1,.589,6.1,7.9,.782,3.9,5.3,9.2,3.8,1.4,1.2,3.1,4.5,21.5,,124,104
4,Chris Ford\fordch01,32,82,75,2723,5.5,12.4,.444,0.6,1.9,.330,4.9,10.5,.465,1.1,1.5,.736,1.3,1.6,2.9,5.2,1.7,0.4,2.2,3.7,12.7,,103,107
5,Robert Parish\parisro01,27,82,78,2298,13.2,24.2,.545,0.0,0.0,.000,13.2,24.1,.545,5.8,8.2,.710,5.1,11.0,16.1,3.0,1.7,4.4,4.0,6.4,32.2,,113,96
6,Kevin McHale\mchalke01,23,82,1,1645,10.3,19.3,.533,0.0,0.1,.000,10.3,19.2,.535,3.1,4.6,.679,4.5,5.9,10.4,1.6,0.8,4.4,3.2,7.5,23.7,,108,102
7,Gerald Henderson\hendege01,25,82,10,1608,7.7,17.1,.451,0.0,0.5,.063,7.7,16.7,.462,3.3,4.6,.720,1.3,2.6,3.9,6.3,2.3,0.4,4.7,5.2,18.8,,94,105
8,Rick Robey\robeyri01,25,82,4,1569,9.0,16.6,.545,0.0,0.0,.000,9.0,16.6,.546,4.4,7.6,.574,4.0,7.8,11.8,3.8,1.2,0.6,4.3,6.2,22.5,,105,103
9,M.L. Carr\carrml01,30,41,7,655,7.1,15.7,.449,0.1,1.0,.071,7.0,14.7,.475,3.9,4.9,.791,1.9,4.1,6.0,4.1,2.2,1.3,3.4,5.4,18.0,,100,103
10,Eric Fernsten\fernser01,27,45,0,279,6.5,13.5,.481,0.0,0.0,,6.5,13.5,.481,3.4,5.1,.667,5.0,5.6,10.6,1.7,1.0,1.2,3.4,5.0,16.4,,102,104
11,Terry Duerod\duerote01,24,32,0,114,12.5,30.5,.411,2.5,4.2,.600,10.0,26.3,.381,5.4,5.8,.929,0.8,1.3,2.1,2.5,2.1,0.0,4.2,3.3,33.0,,99,107
12,Wayne Kreklow\kreklwa01,24,25,0,100,5.2,22.4,.234,0.5,1.9,.250,4.8,20.5,.233,3.3,4.8,.700,1.0,4.8,5.7,4.3,1.0,0.5,4.8,9.5,14.3,,65,106