Rk,,Age,G,GS,MP,FG,FGA,FG%,3P,3PA,3P%,2P,2PA,2P%,FT,FTA,FT%,ORB,DRB,TRB,AST,STL,BLK,TOV,PF,PTS,,ORtg,DRtg
1,Michael Jordan\jordami01,27,82,82,3034,16.4,30.4,.539,0.5,1.5,.312,15.9,28.9,.551,9.4,11.1,.851,2.0,6.2,8.1,7.5,3.7,1.4,3.3,3.8,42.7,,125,102
2,Scottie Pippen\pippesc01,25,82,82,3014,10.0,19.2,.520,0.3,1.1,.309,9.6,18.1,.534,4.0,5.7,.706,2.7,7.2,9.9,8.5,3.2,1.5,3.9,4.5,24.3,,114,102
3,Horace Grant\grantho01,25,78,76,2641,7.6,13.9,.547,0.0,0.1,.167,7.6,13.8,.550,3.7,5.3,.711,5.1,7.5,12.5,3.4,1.8,1.3,1.7,3.9,19.0,,126,105
4,Bill Cartwright\cartwbi01,33,79,79,2273,7.0,14.3,.490,0.0,0.0,,7.0,14.3,.490,2.7,3.9,.697,3.7,7.0,10.7,2.8,0.7,0.3,2.5,3.7,16.8,,108,108
5,John Paxson\paxsojo01,30,82,82,1971,8.1,14.7,.548,1.1,2.4,.438,7.0,12.3,.571,0.9,1.0,.829,0.4,1.9,2.3,7.6,1.6,0.1,1.8,3.5,18.1,,124,110
6,B.J. Armstrong\armstbj01,23,82,0,1731,8.8,18.3,.481,0.4,0.9,.500,8.4,17.5,.480,2.8,3.2,.874,0.7,3.6,4.3,8.7,2.0,0.1,3.1,3.4,20.9,,111,108
7,Stacey King\kingst01,24,76,6,1198,6.5,14.0,.467,0.0,0.1,.000,6.5,13.9,.470,4.5,6.4,.704,3.0,5.7,8.7,2.7,1.0,1.8,3.8,5.6,17.6,,100,107
8,Cliff Levingston\levincl01,30,78,0,1013,6.3,14.0,.450,0.0,0.2,.250,6.2,13.8,.453,2.9,4.5,.648,4.9,6.2,11.1,2.8,1.4,2.1,2.5,7.1,15.6,,106,105
9,Will Perdue\perduwi01,25,74,3,972,6.0,12.1,.494,0.0,0.2,.000,6.0,12.0,.500,3.9,5.8,.670,6.3,11.1,17.4,2.4,1.2,2.9,3.9,7.6,15.9,,105,102
10,Craig Hodges\hodgecr01,30,73,0,843,8.7,20.5,.424,2.6,6.8,.383,6.1,13.6,.445,1.5,1.6,.963,0.6,1.9,2.5,5.8,2.0,0.1,2.1,4.4,21.6,,110,109
11,Dennis Hopson\hopsode01,25,61,0,728,7.2,16.8,.426,0.1,0.3,.200,7.1,16.5,.431,3.8,5.7,.663,3.4,4.1,7.5,4.5,1.7,1.0,4.1,5.4,18.2,,96,107
12,Scott Williams\willisc01,22,51,0,337,7.9,15.5,.510,0.1,0.3,.500,7.7,15.2,.510,3.0,4.2,.714,6.3,8.3,14.6,2.4,1.8,1.9,3.4,7.6,18.9,,109,103