Rk,,Age,G,MP,PER,TS%,3PAr,FTr,ORB%,DRB%,TRB%,AST%,STL%,BLK%,TOV%,USG%,,OWS,DWS,WS,WS/48,,OBPM,DBPM,BPM,VORP
1,LeBron James\jamesle01,31,76,2709,27.5,.588,.199,.347,4.7,18.8,11.8,36.0,2.0,1.5,13.2,31.4,,9.6,4.0,13.6,.242,,6.9,2.3,9.1,7.6
2,Kevin Love\loveke01,27,77,2424,19.0,.553,.449,.321,7.0,28.4,17.8,12.2,1.2,1.4,11.3,23.4,,4.7,3.8,8.5,.169,,1.7,0.9,2.5,2.8
3,J.R. Smith\smithjr01,30,77,2362,12.4,.542,.600,.084,2.1,8.3,5.2,8.5,1.8,0.7,6.3,18.0,,3.0,2.5,5.5,.111,,1.8,-0.4,1.3,2.0
4,Tristan Thompson\thomptr01,24,82,2269,15.9,.611,.000,.576,13.5,23.3,18.4,4.0,0.9,1.8,10.4,11.7,,5.6,3.1,8.7,.185,,0.2,1.3,1.5,2.0
5,Matthew Dellavedova\dellama01,25,76,1867,11.3,.527,.468,.129,2.0,7.8,4.9,26.2,1.2,0.4,17.7,15.9,,2.2,1.6,3.8,.098,,-0.2,-1.4,-1.6,0.2
6,Kyrie Irving\irvinky01,23,53,1667,19.9,.540,.298,.217,3.0,7.6,5.3,26.6,1.7,0.9,11.4,29.5,,3.2,1.7,5.0,.143,,3.0,-1.4,1.6,1.5
7,Timofey Mozgov\mozgoti01,29,76,1326,14.6,.593,.019,.265,9.5,19.2,14.4,3.9,0.9,3.5,15.0,16.1,,1.8,1.9,3.7,.133,,-2.2,1.0,-1.2,0.3
8,Richard Jefferson\jefferi01,35,74,1326,9.7,.585,.554,.279,1.3,9.6,5.5,6.4,1.3,0.9,10.9,13.4,,1.4,1.3,2.7,.099,,-0.5,-0.3,-0.8,0.4
9,Iman Shumpert\shumpim01,25,54,1316,8.4,.475,.479,.167,2.8,14.6,8.7,9.8,2.1,1.2,14.8,13.2,,-0.1,1.8,1.7,.063,,-2.1,1.9,-0.2,0.6
10,Mo Williams\willima01,33,41,748,12.4,.527,.338,.139,0.9,9.9,5.4,21.1,1.0,0.5,15.1,22.8,,0.4,0.7,1.1,.067,,-1.3,-2.1,-3.3,-0.2
11,James Jones\jonesja02,35,48,463,11.6,.580,.732,.183,2.0,10.2,6.1,4.5,1.2,1.8,7.8,16.2,,0.7,0.5,1.2,.120,,0.3,-1.3,-1.0,0.1
12,Channing Frye\fryech01,32,26,446,14.9,.586,.708,.087,3.1,20.4,11.8,9.1,0.9,1.5,7.2,18.3,,0.9,0.6,1.5,.157,,1.9,-0.8,1.1,0.3
13,Jared Cunningham\cunnija01,24,40,355,5.9,.464,.352,.527,1.0,8.2,4.6,7.6,1.7,0.5,13.8,16.6,,-0.2,0.4,0.1,.018,,-4.4,-1.0,-5.4,-0.3
14,Anderson Varejao\varejan01,33,31,310,11.2,.469,.013,.276,8.8,24.3,16.6,9.3,1.8,1.3,15.8,14.8,,0.1,0.5,0.6,.089,,-4.1,1.8,-2.3,0.0
15,Jordan McRae\mcraejo01,24,15,113,14.2,.537,.212,.250,2.0,9.9,6.0,22.3,0.0,0.7,13.5,26.7,,0.1,0.1,0.2,.081,,-1.5,-3.6,-5.2,-0.1
16,Sasha Kaun\kaunsa01,30,25,95,12.5,.527,.000,.647,14.4,16.5,15.5,4.5,2.2,4.3,24.3,13.7,,0.0,0.2,0.2,.096,,-3.5,2.7,-0.8,0.0
17,Dahntay Jones\jonesda02,35,1,42,10.3,.464,.143,.000,2.7,10.7,6.7,7.3,1.2,3.9,0.0,15.1,,0.0,0.1,0.1,.096,,-3.1,0.9,-2.2,0.0
18,Joe Harris\harrijo01,24,5,15,3.4,.375,1.000,.000,0.0,22.5,11.3,18.2,0.0,0.0,20.0,15.1,,0.0,0.0,0.0,-0.032,,-5.0,-1.6,-6.6,0.0
