Rk,,Age,G,GS,MP,FG,FGA,FG%,3P,3PA,3P%,2P,2PA,2P%,FT,FTA,FT%,ORB,DRB,TRB,AST,STL,BLK,TOV,PF,PTS,,ORtg,DRtg
1,Jason Kidd\kiddja01,37,80,80,2653,4.3,11.8,.361,2.6,7.7,.340,1.6,4.1,.400,1.3,1.5,.870,0.7,6.3,7.0,13.0,2.7,0.6,3.5,2.4,12.5,,108,104
2,Jason Terry\terryja01,33,82,10,2564,10.1,22.4,.451,2.6,7.2,.362,7.5,15.2,.493,3.7,4.4,.850,0.5,2.6,3.1,6.8,1.9,0.3,3.4,2.9,26.5,,106,108
3,Dirk Nowitzki\nowitdi01,32,73,73,2504,12.8,24.8,.517,1.4,3.5,.393,11.4,21.2,.538,8.3,9.3,.892,1.0,9.7,10.8,4.0,0.8,1.0,2.9,3.6,35.3,,118,105
4,Shawn Marion\mariosh01,32,80,27,2253,10.1,19.5,.520,0.1,0.8,.152,10.0,18.7,.536,2.9,3.8,.768,3.9,8.9,12.9,2.6,1.6,1.2,3.0,3.4,23.3,,107,103
5,Tyson Chandler\chandty01,28,74,74,2059,6.8,10.4,.654,0.0,0.0,,6.8,10.4,.654,5.5,7.5,.732,5.3,12.4,17.7,0.8,0.9,2.0,2.2,6.1,19.1,,131,102
6,J.J. Barea\bareajo01,26,81,2,1669,9.0,20.4,.439,2.1,6.0,.349,6.9,14.5,.476,4.2,4.9,.847,0.9,4.1,5.0,10.0,0.9,0.0,4.3,4.3,24.2,,106,109
7,Brendan Haywood\haywobr01,31,72,8,1331,5.1,8.8,.574,0.0,0.0,.000,5.1,8.8,.577,2.5,7.0,.362,5.1,9.8,14.9,0.8,0.6,2.9,2.0,5.8,12.6,,106,103
8,DeShawn Stevenson\stevede01,29,72,54,1158,5.8,15.0,.388,4.3,11.3,.378,1.5,3.7,.420,1.5,2.0,.767,0.9,3.9,4.8,3.5,1.0,0.2,2.0,3.2,17.4,,106,109
9,Caron Butler\butleca01,30,29,29,867,10.3,22.9,.450,1.7,3.9,.431,8.6,19.0,.454,4.1,5.3,.773,1.3,5.8,7.2,2.8,1.7,0.5,3.0,3.6,26.4,,100,106
10,Brian Cardinal\cardibr01,33,56,4,618,3.7,8.5,.430,3.6,7.4,.483,0.1,1.1,.077,1.4,1.5,.944,0.9,4.2,5.0,3.4,2.0,0.6,1.4,7.0,12.3,,126,106
11,Peja Stojakovic\stojape01,33,25,13,506,8.2,19.1,.429,4.4,10.9,.400,3.8,8.2,.468,1.6,1.7,.938,1.5,5.4,6.9,2.3,1.1,0.2,1.1,2.3,22.3,,113,108
12,Rodrigue Beaubois\beaubro01,22,28,26,496,10.0,23.6,.422,2.7,8.8,.301,7.3,14.8,.493,2.4,3.2,.767,0.7,4.8,5.5,6.8,2.1,0.8,5.0,8.1,25.0,,93,105
13,Ian Mahinmi\mahinia01,24,56,0,488,5.9,10.6,.561,0.0,0.2,.000,5.9,10.3,.573,6.8,8.8,.768,4.6,8.3,12.9,0.9,1.5,1.6,2.7,11.3,18.6,,121,103
14,Sasha Pavlovic\pavloal01,27,10,6,163,4.8,11.3,.429,2.3,5.2,.438,2.6,6.1,.421,1.3,1.6,.800,0.0,3.9,3.9,2.3,1.6,1.0,1.6,4.8,13.2,,103,107
15,Corey Brewer\breweco01,24,13,2,148,8.9,18.1,.490,1.4,4.6,.308,7.5,13.5,.553,5.3,7.5,.714,4.3,3.9,8.2,4.3,3.9,0.7,3.6,8.9,24.5,,111,102
16,Dominique Jones\jonesdo02,22,18,0,135,5.5,17.5,.311,0.0,1.6,.000,5.5,16.0,.341,5.5,6.6,.824,2.3,7.4,9.7,7.4,1.9,1.2,3.9,2.7,16.4,,89,104
17,Alexis Ajinca\ajincal01,22,10,2,75,8.4,22.4,.375,2.1,4.9,.429,6.3,17.5,.360,1.4,2.1,.667,3.5,8.4,11.9,1.4,2.1,3.5,0.7,9.1,20.3,,97,100
18,Steve Novak\novakst01,27,7,0,18,11.7,23.4,.500,8.8,11.7,.750,2.9,11.7,.250,0.0,0.0,,0.0,14.6,14.6,0.0,0.0,0.0,0.0,8.8,32.1,,128,104
