Rk,,Age,G,MP,PER,TS%,3PAr,FTr,ORB%,DRB%,TRB%,AST%,STL%,BLK%,TOV%,USG%,,OWS,DWS,WS,WS/48,,OBPM,DBPM,BPM,VORP
1,Jason Kidd\kiddja01,37,80,2653,14.4,.500,.656,.129,1.6,13.4,7.7,35.4,2.7,0.8,22.1,14.3,,2.5,3.9,6.4,.116,,1.0,2.1,3.1,3.4
2,Jason Terry\terryja01,33,82,2564,15.9,.545,.322,.196,1.1,5.7,3.5,22.2,1.9,0.4,12.4,24.7,,2.8,2.5,5.3,.100,,1.5,-0.9,0.6,1.7
3,Dirk Nowitzki\nowitdi01,32,73,2504,23.4,.612,.142,.376,2.4,20.8,12.0,14.2,0.8,1.4,9.1,28.2,,7.8,3.3,11.1,.213,,3.2,0.6,3.8,3.7
4,Shawn Marion\mariosh01,32,80,2253,17.0,.551,.040,.197,9.1,19.2,14.3,8.3,1.6,1.7,12.5,21.5,,2.3,3.4,5.6,.120,,-0.7,1.8,1.2,1.8
5,Tyson Chandler\chandty01,28,74,2059,18.4,.697,.000,.725,12.2,26.6,19.7,2.4,0.9,3.0,14.1,14.2,,5.8,3.5,9.4,.218,,0.5,1.7,2.2,2.2
6,J.J. Barea\bareajo01,26,81,1669,14.8,.535,.291,.242,2.1,8.8,5.6,31.2,0.9,0.0,15.9,23.9,,1.9,1.4,3.2,.093,,0.6,-1.7,-1.1,0.4
7,Brendan Haywood\haywobr01,31,72,1331,11.7,.532,.004,.794,11.8,20.9,16.5,2.1,0.6,4.2,14.5,12.4,,0.8,2.1,2.9,.104,,-3.2,2.1,-1.0,0.3
8,DeShawn Stevenson\stevede01,29,72,1158,9.8,.549,.755,.130,2.1,8.4,5.4,10.0,1.0,0.3,11.2,15.9,,0.8,1.0,1.8,.074,,0.6,-0.8,-0.3,0.5
9,Caron Butler\butleca01,30,29,867,14.2,.523,.172,.233,3.1,12.5,8.0,9.1,1.7,0.7,10.5,25.1,,0.2,1.0,1.2,.067,,-1.4,0.0,-1.4,0.1
10,Brian Cardinal\cardibr01,33,56,618,9.7,.672,.870,.180,2.0,8.9,5.6,9.1,2.0,0.9,13.6,9.5,,1.0,0.7,1.7,.132,,1.1,1.3,2.4,0.7
11,Peja Stojakovic\stojape01,33,25,506,14.1,.563,.571,.087,3.4,11.6,7.6,7.0,1.1,0.3,5.4,18.7,,0.7,0.5,1.2,.118,,1.7,-1.1,0.6,0.3
12,Rodrigue Beaubois\beaubro01,22,28,496,11.4,.500,.372,.135,1.7,10.2,6.1,21.9,2.1,1.2,16.6,26.7,,-0.4,0.7,0.2,.022,,-1.4,-0.1,-1.5,0.1
13,Ian Mahinmi\mahinia01,24,56,488,13.7,.645,.020,.837,10.7,17.8,14.4,2.5,1.5,2.3,15.7,15.3,,1.0,0.8,1.8,.177,,-1.3,0.8,-0.6,0.2
14,Sasha Pavlovic\pavloal01,27,10,163,7.8,.551,.457,.143,0.0,8.3,4.3,6.3,1.6,1.4,11.8,12.1,,0.0,0.2,0.2,.067,,-2.1,1.1,-1.0,0.0
15,Corey Brewer\breweco01,24,13,148,17.6,.573,.255,.412,9.9,8.4,9.1,13.3,3.9,1.0,14.2,22.2,,0.3,0.3,0.5,.163,,2.1,1.8,3.9,0.2
16,Dominique Jones\jonesdo02,22,18,135,10.6,.400,.089,.378,5.4,15.9,10.8,20.8,1.9,1.7,16.0,21.7,,-0.2,0.2,0.0,.007,,-5.1,1.7,-3.4,0.0
17,Alexis Ajinca\ajincal01,22,10,75,12.8,.435,.219,.094,8.1,18.0,13.3,4.3,2.1,5.1,2.9,21.4,,0.0,0.1,0.1,.084,,-3.6,1.5,-2.1,0.0
18,Steve Novak\novakst01,27,7,18,19.6,.688,.500,.000,0.0,31.3,16.2,0.0,0.0,0.0,0.0,20.8,,0.1,0.0,0.1,.205,,0.3,-7.2,-6.9,0.0