Rk,,Age,G,GS,MP,FG,FGA,FG%,3P,3PA,3P%,2P,2PA,2P%,FT,FTA,FT%,ORB,DRB,TRB,AST,STL,BLK,TOV,PF,PTS,,ORtg,DRtg
1,Isiah Thomas\thomais01,28,81,81,2993,9.8,22.5,.438,0.7,2.3,.309,9.1,20.2,.453,5.0,6.4,.775,1.3,4.0,5.2,13.0,2.4,0.3,5.5,3.5,25.4,,104,104
2,Bill Laimbeer\laimbbi01,32,81,81,2675,7.2,14.9,.484,1.1,3.0,.361,6.1,11.9,.515,3.1,3.7,.854,3.2,11.7,14.8,3.3,1.1,1.6,1.9,5.3,18.7,,119,100
3,Joe Dumars\dumarjo01,26,75,71,2578,10.0,20.9,.480,0.4,1.1,.400,9.6,19.8,.485,5.9,6.5,.900,1.2,3.0,4.2,7.3,1.2,0.0,2.9,2.5,26.3,,116,107
4,Dennis Rodman\rodmade01,28,82,43,2377,6.2,10.6,.581,0.0,0.2,.111,6.1,10.4,.589,3.0,4.6,.654,7.2,9.8,16.9,1.5,1.1,1.3,1.9,5.9,15.4,,125,101
5,James Edwards\edwarja01,34,82,70,2283,10.3,20.7,.498,0.0,0.1,.000,10.3,20.6,.499,5.9,7.9,.749,2.5,5.2,7.7,1.4,0.5,0.8,3.0,6.6,26.5,,109,106
6,Mark Aguirre\aguirma01,30,78,40,2005,11.1,22.8,.488,0.8,2.4,.333,10.3,20.4,.506,4.9,6.4,.756,3.0,4.8,7.7,3.7,0.9,0.5,3.1,5.1,27.9,,111,106
7,Vinnie Johnson\johnsvi01,33,82,12,1972,8.6,20.0,.431,0.1,0.9,.147,8.5,19.1,.444,3.4,5.1,.668,2.8,3.8,6.6,6.6,1.8,0.3,3.2,3.7,20.7,,101,105
8,John Salley\sallejo01,25,82,12,1914,5.6,10.8,.512,0.0,0.1,.250,5.5,10.7,.515,4.6,6.5,.713,4.1,7.6,11.7,1.8,1.4,4.1,2.6,7.5,15.8,,113,100
9,Gerald Henderson\hendege01,34,46,0,335,6.4,12.6,.506,2.1,4.7,.452,4.3,7.9,.538,1.5,2.0,.769,1.2,3.5,4.7,9.3,1.2,0.3,2.4,5.5,16.4,,125,107
10,William Bedford\bedfowi01,26,42,0,246,11.2,25.8,.432,0.2,1.2,.167,11.0,24.6,.445,1.9,4.5,.409,3.1,8.9,12.0,0.8,0.6,3.5,4.3,8.1,24.4,,85,101
11,Dave Greenwood\greenda01,32,37,0,205,5.5,12.9,.423,0.0,0.0,,5.5,12.9,.423,4.0,7.2,.552,6.0,13.4,19.4,3.0,1.0,2.2,4.0,9.9,14.9,,95,98
12,Scott Hastings\hastisc01,29,40,0,166,3.1,10.1,.303,0.9,3.7,.250,2.1,6.4,.333,5.8,6.7,.864,2.1,7.7,9.8,2.5,0.9,0.9,2.1,9.5,12.9,,106,103
13,Stan Kimbrough\kimbrst01,23,10,0,50,7.1,16.3,.438,0.0,0.0,,7.1,16.3,.438,2.0,2.0,1.000,4.1,3.1,7.1,5.1,4.1,0.0,4.1,4.1,16.3,,97,101
14,Ralph Lewis\lewisra01,26,4,0,6,0.0,8.5,.000,0.0,0.0,,0.0,8.5,.000,0.0,0.0,,0.0,0.0,0.0,0.0,0.0,0.0,8.5,8.5,0.0,,0,112
