Rk,,Age,G,MP,PER,TS%,3PAr,FTr,ORB%,DRB%,TRB%,AST%,STL%,BLK%,TOV%,USG%,,OWS,DWS,WS,WS/48,,OBPM,DBPM,BPM,VORP
1,Ben Wallace\wallabe01,29,81,3050,17.3,.441,.011,.388,12.5,25.5,19.1,7.7,2.6,6.1,12.3,15.3,,1.1,9.1,10.2,.160,,-1.6,6.8,5.1,5.5
2,Richard Hamilton\hamilri01,25,78,2772,16.8,.522,.058,.293,3.3,8.3,5.8,22.2,2.0,0.5,13.8,25.7,,3.8,4.4,8.1,.141,,1.2,0.1,1.3,2.3
3,Chauncey Billups\billuch01,27,78,2758,18.6,.550,.336,.462,1.5,10.0,5.8,29.3,1.7,0.2,13.6,23.5,,7.1,4.2,11.3,.198,,3.9,-0.5,3.4,3.7
4,Tayshaun Prince\princta01,23,82,2701,13.3,.536,.217,.195,4.0,12.5,8.4,12.4,1.3,1.9,13.2,15.6,,3.0,4.6,7.5,.134,,0.0,2.0,2.1,2.8
5,Mehmet Okur\okurme01,24,71,1580,18.3,.538,.089,.386,11.9,18.8,15.4,8.2,1.2,3.0,13.7,21.7,,2.6,3.3,5.9,.179,,0.0,1.3,1.3,1.3
6,Corliss Williamson\willico02,30,79,1574,14.4,.546,.000,.327,6.6,12.2,9.4,7.2,1.0,1.0,14.1,23.8,,1.6,2.5,4.1,.124,,-1.6,-1.0,-2.6,-0.2
7,Elden Campbell\campbel01,35,65,892,13.8,.490,.000,.395,6.8,20.1,13.6,9.3,1.3,4.3,14.6,22.6,,0.1,2.0,2.1,.115,,-3.9,1.9,-1.9,0.0
8,Chucky Atkins\atkinch01,29,40,751,10.1,.490,.553,.183,0.9,6.4,3.7,21.9,1.4,0.1,15.9,18.8,,0.3,1.0,1.2,.079,,-0.5,-2.1,-2.7,-0.1
9,Bob Sura\surabo01,30,53,707,13.0,.489,.208,.399,5.0,11.8,8.4,21.2,2.9,1.0,16.1,16.0,,0.6,1.4,2.0,.137,,-0.8,1.8,1.0,0.5
10,Rasheed Wallace\wallara01,29,22,673,18.8,.495,.246,.192,5.6,20.8,13.3,11.5,1.9,5.1,8.7,23.2,,0.7,1.7,2.4,.171,,0.3,3.3,3.6,0.9
11,Lindsey Hunter\hunteli01,33,33,661,9.0,.399,.350,.056,2.3,9.3,5.9,20.7,3.2,0.7,18.8,12.8,,-0.4,1.3,0.9,.067,,-2.7,2.0,-0.7,0.2
12,Mike James\jamesmi01,28,26,512,14.3,.512,.374,.218,1.8,11.1,6.6,32.0,2.8,0.1,20.3,18.4,,0.4,1.0,1.4,.130,,0.1,0.1,0.2,0.3
13,Darvin Ham\hamda01,30,54,484,8.3,.531,.027,.467,11.4,10.8,11.1,5.3,1.5,1.3,25.5,11.7,,0.1,0.8,0.9,.087,,-2.9,1.3,-1.6,0.0
14,Tremaine Fowlkes\fowlktr01,27,36,261,6.5,.393,.167,.375,8.1,15.3,11.7,8.4,1.9,0.9,17.7,12.2,,-0.1,0.5,0.4,.068,,-4.3,1.7,-2.6,0.0
15,Zeljko Rebraca\rebraze01,31,21,222,9.6,.498,.000,.519,10.1,15.4,12.8,3.0,1.2,3.1,16.4,16.7,,0.1,0.4,0.5,.115,,-4.2,0.6,-3.6,-0.1
16,Darko Milicic\milicda01,18,34,159,6.1,.318,.015,.369,8.1,22.9,15.6,7.5,2.4,7.2,14.7,26.0,,-0.6,0.5,-0.2,-0.049,,-10.2,3.4,-6.8,-0.2
17,Hubert Davis\davishu01,33,3,23,-7.7,.000,.500,.000,0.0,0.0,0.0,6.3,0.0,0.0,33.3,6.1,,-0.1,0.0,-0.1,-0.110,,-9.9,-1.8,-11.7,-0.1
