Rk,,Age,G,GS,MP,FG,FGA,FG%,3P,3PA,3P%,2P,2PA,2P%,FT,FTA,FT%,ORB,DRB,TRB,AST,STL,BLK,TOV,PF,PTS,,ORtg,DRtg
1,Isiah Thomas\thomais01,27,80,76,2924,9.8,21.1,.464,0.6,2.1,.273,9.2,19.0,.485,4.9,6.0,.818,0.8,3.9,4.7,11.4,2.3,0.3,5.1,3.6,25.1,,106,105
2,Bill Laimbeer\laimbbi01,31,81,81,2640,8.5,17.1,.499,0.6,1.6,.349,8.0,15.5,.515,3.4,4.0,.840,2.6,12.1,14.8,3.4,1.0,1.9,2.5,4.9,21.1,,114,101
3,Joe Dumars\dumarjo01,25,69,67,2408,9.5,18.9,.505,0.3,0.6,.483,9.2,18.2,.506,5.4,6.4,.850,1.2,2.4,3.6,8.1,1.3,0.1,3.7,2.2,24.8,,114,109
4,Dennis Rodman\rodmade01,27,82,8,2208,7.2,12.1,.595,0.1,0.6,.231,7.1,11.5,.614,2.2,3.5,.626,7.4,10.1,17.6,2.3,1.3,1.7,2.9,6.6,16.7,,120,102
5,Vinnie Johnson\johnsvi01,32,82,21,2073,11.2,24.2,.464,0.3,1.1,.295,10.9,23.1,.472,4.7,6.4,.734,2.6,3.5,6.2,5.9,1.8,0.4,2.5,3.8,27.4,,111,107
6,Rick Mahorn\mahorri01,30,72,61,1795,5.7,11.0,.517,0.0,0.1,.000,5.7,11.0,.519,3.2,4.3,.748,3.9,9.9,13.9,1.7,1.1,1.8,2.7,5.8,14.6,,109,102
7,John Salley\sallejo01,24,67,21,1458,5.7,11.5,.498,0.0,0.1,.000,5.7,11.4,.502,4.7,6.7,.692,4.6,6.9,11.6,2.6,1.4,2.5,3.4,6.8,16.1,,107,103
8,Adrian Dantley\dantlad01,32,42,42,1341,9.7,18.6,.521,0.0,0.0,,9.7,18.6,.521,9.6,11.4,.839,2.0,4.2,6.1,3.5,0.9,0.2,3.0,3.7,28.9,,122,108
9,James Edwards\edwarja01,33,76,1,1254,8.5,16.9,.500,0.0,0.1,.000,8.5,16.8,.502,5.3,7.8,.686,2.7,6.5,9.3,2.0,0.4,1.2,2.9,9.1,22.2,,108,106
10,Mark Aguirre\aguirma01,29,36,32,1068,10.0,20.8,.483,1.0,3.5,.293,9.0,17.2,.522,5.2,7.0,.738,2.6,4.5,7.1,4.2,0.8,0.3,3.2,4.8,26.3,,111,108
11,Micheal Williams\willimi02,22,49,0,358,6.6,18.1,.364,0.3,1.3,.222,6.3,16.9,.375,4.4,6.6,.660,1.3,2.5,3.8,9.8,1.8,0.4,5.9,6.2,17.8,,87,107
12,John Long\longjo01,32,24,0,152,6.3,13.2,.475,0.0,0.0,,6.3,13.2,.475,3.6,4.3,.846,0.7,3.0,3.6,5.0,0.0,0.7,3.0,5.3,16.2,,105,110
13,Fennis Dembo\dembofe01,23,31,0,74,9.5,28.5,.333,0.0,2.7,.000,9.5,25.8,.368,5.4,6.8,.800,5.4,10.2,15.6,3.4,0.7,0.0,4.8,10.2,24.5,,86,104
14,Darryl Dawkins\dawkida01,32,14,0,48,9.4,19.9,.474,0.0,0.0,,9.4,19.9,.474,9.4,18.9,.500,3.1,4.2,7.3,1.0,0.0,1.0,4.2,13.6,28.3,,97,109
15,Pace Mannion\mannipa01,28,5,0,14,7.2,7.2,1.000,0.0,0.0,,7.2,7.2,1.000,0.0,0.0,,0.0,10.8,10.8,0.0,3.6,0.0,0.0,10.8,14.4,,200,98
16,Jim Rowinski\rowinji01,28,6,0,8,0.0,12.6,.000,0.0,0.0,,0.0,12.6,.000,25.1,25.1,1.000,0.0,12.6,12.6,0.0,0.0,0.0,0.0,0.0,25.1,,135,104
17,Steve Harris\harrist01,25,3,0,7,7.2,28.7,.250,0.0,0.0,,7.2,28.7,.250,14.4,14.4,1.000,0.0,14.4,14.4,0.0,7.2,0.0,0.0,7.2,28.7,,102,88