Rk,,Age,G,GS,MP,FG,FGA,FG%,3P,3PA,3P%,2P,2PA,2P%,FT,FTA,FT%,ORB,DRB,TRB,AST,STL,BLK,TOV,PF,PTS,,ORtg,DRtg
1,Klay Thompson\thompkl01,26,78,78,2649,11.7,25.0,.468,4.9,11.8,.414,6.8,13.2,.516,3.4,4.0,.853,0.9,4.3,5.2,2.9,1.2,0.7,2.3,2.5,31.6,,111,108
2,Stephen Curry\curryst01,28,79,79,2638,12.3,26.3,.468,5.9,14.4,.411,6.4,11.9,.537,5.9,6.6,.898,1.1,5.3,6.4,9.6,2.6,0.3,4.4,3.3,36.5,,119,105
3,Draymond Green\greendr01,26,76,76,2471,5.3,12.7,.418,1.6,5.1,.308,3.7,7.5,.494,2.9,4.1,.709,1.9,9.8,11.7,10.4,3.0,2.1,3.6,4.2,15.1,,111,99
4,Kevin Durant\duranke01,28,62,62,2070,12.8,23.8,.537,2.7,7.3,.375,10.1,16.6,.608,7.8,8.9,.875,0.9,11.0,11.9,7.0,1.5,2.3,3.2,2.7,36.1,,125,101
5,Andre Iguodala\iguodan01,33,76,0,1998,5.3,10.0,.528,1.5,4.3,.362,3.7,5.7,.651,1.7,2.5,.706,1.2,6.1,7.3,6.3,1.8,0.9,1.4,2.3,13.8,,129,105
6,Shaun Livingston\livinsh01,31,76,3,1345,6.2,11.3,.547,0.0,0.1,.333,6.2,11.2,.550,1.5,2.1,.700,1.0,4.4,5.4,5.0,1.4,0.7,2.2,4.3,13.9,,110,108
7,Zaza Pachulia\pachuza01,32,70,70,1268,6.2,11.6,.534,0.0,0.1,.000,6.2,11.6,.538,3.7,4.8,.778,5.3,10.2,15.6,5.0,2.2,1.3,3.3,6.3,16.2,,118,101
8,Ian Clark\clarkia01,25,77,0,1137,8.9,18.3,.487,2.6,6.9,.374,6.3,11.4,.556,1.9,2.5,.759,0.9,4.2,5.1,3.8,1.7,0.3,2.3,3.3,22.3,,108,108
9,Patrick McCaw\mccawpa01,21,71,20,1074,4.7,11.0,.433,1.8,5.5,.333,2.9,5.5,.533,1.3,1.7,.784,0.9,3.5,4.5,3.4,1.4,0.7,1.6,2.8,12.6,,107,108
10,David West\westda01,36,68,0,854,7.6,14.2,.536,0.2,0.5,.375,7.4,13.7,.541,2.4,3.2,.768,2.6,8.8,11.4,8.5,2.4,2.7,4.4,5.9,17.8,,109,100
11,JaVale McGee\mcgeeja01,29,77,10,739,13.5,20.8,.652,0.0,0.2,.000,13.5,20.6,.658,3.6,7.2,.505,6.5,9.4,15.9,1.1,1.2,4.4,2.6,7.1,30.7,,120,101
12,James Michael McAdoo\mcadoja01,24,52,2,457,6.5,12.3,.530,0.2,0.8,.250,6.3,11.5,.550,2.2,4.4,.500,3.6,6.0,9.6,1.9,1.9,3.1,2.0,4.9,15.5,,108,103
13,Kevon Looney\looneke01,20,53,4,447,6.0,11.5,.523,0.2,1.0,.222,5.8,10.5,.551,2.3,3.7,.618,4.7,8.6,13.3,3.1,1.6,1.8,1.8,6.9,14.5,,118,103
14,Matt Barnes\barnema02,36,20,5,410,4.5,10.6,.422,2.1,6.1,.346,2.3,4.5,.526,2.3,2.7,.870,1.8,8.9,10.7,5.3,1.4,1.1,2.8,5.5,13.4,,110,104
15,Anderson Varejao\varejan01,34,14,1,92,2.6,7.3,.357,0.0,0.0,,2.6,7.3,.357,4.2,5.8,.727,6.3,7.8,14.1,5.2,1.6,1.6,4.2,8.4,9.4,,104,104
16,Damian Jones\jonesda03,21,10,0,85,4.5,9.1,.500,0.0,0.0,,4.5,9.1,.500,1.7,5.7,.300,5.1,7.9,13.0,0.0,0.6,2.3,3.4,8.5,10.8,,87,105
17,Briante Weber\weberbr01,24,7,0,46,5.2,14.6,.357,0.0,3.1,.000,5.2,11.5,.455,2.1,3.1,.667,0.0,4.2,4.2,5.2,3.1,1.0,3.1,4.2,12.6,,80,104
