Rk,,Age,G,MP,PER,TS%,3PAr,FTr,ORB%,DRB%,TRB%,AST%,STL%,BLK%,TOV%,USG%,,OWS,DWS,WS,WS/48,,OBPM,DBPM,BPM,VORP
1,Stephen Curry\curryst01,26,80,2613,28.0,.638,.482,.251,2.4,11.4,7.0,38.6,3.0,0.5,14.3,28.9,,11.5,4.1,15.7,.288,,9.6,0.3,9.9,7.9
2,Draymond Green\greendr01,24,79,2490,16.4,.540,.430,.261,5.1,22.4,14.0,16.1,2.4,2.9,13.5,17.2,,3.3,5.2,8.5,.163,,1.0,4.0,5.0,4.4
3,Klay Thompson\thompkl01,24,77,2455,20.8,.591,.420,.197,1.2,9.4,5.4,14.6,1.7,1.8,9.5,27.6,,5.7,3.1,8.8,.172,,3.6,-1.0,2.7,2.9
4,Harrison Barnes\barneha02,22,82,2318,13.4,.573,.328,.229,5.6,15.1,10.5,6.9,1.3,0.6,9.0,14.9,,3.7,3.0,6.7,.139,,0.5,0.6,1.1,1.8
5,Andre Iguodala\iguodan01,31,77,2069,12.3,.553,.427,.230,2.4,10.8,6.7,14.6,2.1,0.9,13.9,13.3,,2.3,2.8,5.1,.117,,0.1,1.5,1.6,1.9
6,Andrew Bogut\bogutan01,30,67,1583,15.8,.565,.000,.118,9.9,26.5,18.5,15.4,1.2,5.3,22.1,13.2,,1.9,3.4,5.2,.159,,-1.4,5.5,4.1,2.4
7,Shaun Livingston\livinsh01,29,78,1468,12.9,.529,.005,.230,3.3,10.0,6.7,24.2,1.6,1.0,19.0,15.9,,1.5,1.8,3.3,.107,,-2.1,0.4,-1.7,0.1
8,Marreese Speights\speigma01,27,76,1207,19.5,.546,.028,.276,10.1,18.7,14.5,9.9,0.8,2.1,10.2,29.1,,2.2,1.8,4.0,.158,,-1.3,-1.3,-2.6,-0.2
9,Leandro Barbosa\barbole01,32,66,982,15.3,.558,.290,.192,2.6,7.2,5.0,14.9,2.0,0.6,9.5,20.5,,1.6,1.2,2.8,.137,,0.4,-1.2,-0.8,0.3
10,David Lee\leeda02,31,49,904,17.8,.541,.006,.332,10.0,20.3,15.3,13.7,1.7,2.1,12.0,19.6,,1.6,1.6,3.2,.168,,-0.6,2.0,1.4,0.8
11,Justin Holiday\holidju01,25,59,657,12.1,.498,.464,.191,2.0,9.7,6.0,10.1,3.0,1.4,10.2,18.8,,0.2,1.0,1.3,.092,,-1.4,0.5,-1.0,0.2
12,Festus Ezeli\ezelife01,25,46,504,16.2,.580,.000,.561,13.3,19.7,16.6,2.5,0.7,6.2,15.6,17.7,,0.8,0.9,1.7,.159,,-3.0,1.2,-1.8,0.0
13,Brandon Rush\rushbr01,29,33,271,0.8,.255,.500,.204,1.6,14.3,8.2,5.4,0.9,3.3,15.8,11.2,,-0.7,0.4,-0.3,-0.056,,-7.7,1.8,-6.0,-0.3
14,James Michael McAdoo\mcadoja01,22,15,137,17.7,.564,.000,.568,12.2,16.8,14.6,2.1,1.8,4.9,9.8,19.4,,0.2,0.3,0.5,.177,,-2.3,0.5,-1.8,0.0
15,Ognjen Kuzmic\kuzmiog01,24,16,72,12.9,.727,.000,.333,10.8,14.5,12.7,11.1,1.4,1.0,26.7,11.3,,0.2,0.1,0.3,.171,,-0.3,1.0,0.8,0.1