Rk,,Age,G,GS,MP,FG,FGA,FG%,3P,3PA,3P%,2P,2PA,2P%,FT,FTA,FT%,ORB,DRB,TRB,AST,STL,BLK,TOV,PF,PTS,,ORtg,DRtg
1,Hakeem Olajuwon\olajuha01,32,72,72,2853,14.3,27.6,.517,0.1,0.3,.188,14.2,27.3,.520,7.3,9.6,.756,3.1,10.8,13.8,4.6,2.4,4.3,4.2,4.5,35.8,,110,100
2,Robert Horry\horryro01,24,64,61,2074,5.9,13.2,.447,2.1,5.6,.379,3.8,7.6,.497,2.1,2.8,.761,2.0,6.0,8.0,5.3,2.3,1.9,3.0,4.0,16.0,,108,106
3,Vernon Maxwell\maxweve01,29,64,54,2038,7.7,19.4,.394,3.6,11.0,.324,4.1,8.4,.485,2.5,3.6,.688,0.5,3.7,4.1,6.9,1.9,0.3,3.4,3.9,21.4,,101,111
4,Kenny Smith\smithke01,29,81,81,2030,7.2,14.9,.484,3.6,8.3,.429,3.6,6.6,.553,3.2,3.7,.851,0.7,3.2,3.9,8.1,1.8,0.3,3.1,2.7,21.1,,122,111
5,Mario Elie\eliema01,31,81,13,1896,6.5,13.1,.499,2.2,5.4,.398,4.4,7.7,.570,3.9,4.6,.842,1.3,3.9,5.3,5.1,1.7,0.3,2.8,4.2,19.1,,119,111
6,Sam Cassell\cassesa01,25,82,1,1882,6.9,16.1,.427,1.7,5.2,.330,5.1,10.9,.473,5.8,6.9,.843,1.0,4.7,5.7,11.0,2.5,0.4,4.5,5.7,21.2,,111,108
7,Pete Chilcutt\chilcpe01,26,68,17,1347,5.5,12.4,.445,1.3,3.3,.407,4.2,9.2,.459,1.2,1.6,.738,4.0,8.0,12.0,2.5,0.9,1.6,2.3,4.4,13.5,,105,108
8,Carl Herrera\herreca01,28,61,26,1331,6.5,12.5,.523,0.0,0.1,.000,6.5,12.4,.526,2.8,4.5,.624,3.8,6.9,10.6,1.7,1.5,1.5,2.7,5.2,15.9,,105,108
9,Clyde Drexler\drexlcl01,32,35,34,1300,10.4,20.6,.506,2.4,6.6,.357,8.1,14.0,.575,6.2,7.6,.809,2.7,7.0,9.6,6.0,2.4,0.9,3.5,3.5,29.4,,119,106
10,Otis Thorpe\thorpot01,32,36,35,1188,8.8,15.7,.563,0.0,0.1,.000,8.8,15.6,.567,2.9,5.4,.528,4.8,9.0,13.8,2.5,0.9,0.6,3.3,4.4,20.6,,108,108
11,Chucky Brown\brownch01,26,41,14,814,6.6,10.9,.603,0.1,0.2,.333,6.5,10.7,.608,2.4,3.9,.613,4.0,7.8,11.8,1.9,0.7,0.9,1.8,6.6,15.6,,121,109
12,Tim Breaux\breauti01,24,42,2,340,6.7,18.1,.372,0.9,3.7,.240,5.8,14.4,.406,4.8,7.3,.653,2.4,2.7,5.1,2.2,1.6,0.6,2.4,3.7,19.2,,94,112
13,Tracy Murray\murratr01,23,25,0,203,8.0,20.1,.400,4.8,11.3,.422,3.3,8.8,.371,1.3,2.0,.625,0.5,5.0,5.5,1.3,1.8,0.8,3.8,7.8,22.1,,91,109
14,Scott Brooks\brooksc01,29,28,0,186,9.6,17.8,.538,2.2,4.7,.471,7.4,13.2,.563,4.9,5.8,.857,0.3,3.3,3.6,6.0,2.2,0.3,3.8,3.8,26.3,,117,110
15,Zan Tabak\tabakza01,24,37,0,182,6.7,14.8,.453,0.0,0.3,.000,6.7,14.6,.462,7.6,12.3,.614,6.4,9.5,16.0,1.1,0.6,2.0,5.0,10.4,21.0,,98,107
16,Charles Jones\jonesch01,37,3,0,36,1.4,4.2,.333,0.0,0.0,,1.4,4.2,.333,1.4,2.8,.500,2.8,7.1,9.9,0.0,0.0,1.4,0.0,11.3,4.2,,108,110
17,Adrian Caldwell\caldwad01,28,7,0,30,1.7,6.8,.250,0.0,0.0,,1.7,6.8,.250,5.1,10.2,.500,1.7,15.3,17.0,0.0,1.7,0.0,1.7,10.2,8.5,,79,102