Rk,,Age,G,MP,PER,TS%,3PAr,FTr,ORB%,DRB%,TRB%,AST%,STL%,BLK%,TOV%,USG%,,OWS,DWS,WS,WS/48,,OBPM,DBPM,BPM,VORP
1,Shaquille O'Neal\onealsh01,27,79,3163,30.6,.578,.001,.495,11.5,24.8,18.3,19.3,0.6,5.3,9.9,31.2,,11.7,7.0,18.6,.283,,6.2,3.5,9.7,9.3
2,Glen Rice\ricegl01,32,80,2530,16.2,.551,.234,.404,2.4,11.3,6.9,11.1,1.0,0.3,9.0,22.0,,5.7,3.2,9.0,.170,,1.4,-1.0,0.4,1.5
3,Kobe Bryant\bryanko01,21,66,2524,21.7,.546,.122,.341,4.6,12.9,8.8,22.4,2.2,1.7,11.8,26.8,,6.1,4.5,10.6,.202,,3.6,1.7,5.3,4.7
4,Ron Harper\harpero01,36,80,2042,12.0,.468,.200,.277,5.1,12.5,8.8,19.2,2.1,1.3,18.1,15.6,,0.4,3.5,4.0,.093,,-1.4,2.1,0.7,1.4
5,A.C. Green\greenac01,36,82,1929,11.2,.482,.010,.245,9.0,17.9,13.5,5.9,1.4,0.7,11.0,11.0,,1.7,3.3,5.0,.124,,-2.0,1.8,-0.2,0.9
6,Derek Fisher\fishede01,25,78,1803,9.6,.449,.344,.300,1.3,7.1,4.2,17.1,2.3,0.1,12.1,15.1,,0.5,2.6,3.1,.083,,-1.6,0.0,-1.6,0.2
7,Robert Horry\horryro01,29,76,1685,14.3,.528,.259,.311,8.6,14.3,11.5,10.0,2.6,3.3,15.0,12.7,,2.1,3.6,5.7,.161,,0.1,4.0,4.1,2.6
8,Rick Fox\foxri01,30,82,1473,11.7,.502,.363,.157,4.6,9.7,7.2,14.4,1.8,1.2,14.0,18.5,,0.9,2.3,3.2,.104,,-0.4,0.2,-0.1,0.7
9,Brian Shaw\shawbr01,33,74,1249,10.9,.441,.180,.168,3.9,14.5,9.3,23.2,1.4,0.8,17.8,14.8,,0.2,2.0,2.1,.082,,-2.5,0.9,-1.6,0.1
10,Travis Knight\knightr01,25,63,410,9.5,.418,.000,.237,12.2,21.4,16.9,8.3,0.8,3.9,16.6,16.7,,-0.2,0.8,0.6,.074,,-4.9,1.8,-3.1,-0.1
11,Devean George\georgde01,22,49,345,12.1,.478,.326,.285,9.1,14.1,11.6,5.5,1.5,0.8,11.5,23.3,,0.1,0.6,0.7,.093,,-1.8,-2.2,-4.0,-0.2
12,John Salley\sallejo01,35,45,303,8.3,.437,.000,.406,7.2,15.7,11.5,12.1,1.4,3.2,18.1,14.4,,-0.1,0.6,0.5,.083,,-4.4,2.3,-2.1,0.0
13,John Celestand\celesjo01,22,16,185,2.7,.388,.200,.133,0.6,5.7,3.2,15.2,1.9,0.0,25.1,15.1,,-0.4,0.2,-0.1,-0.038,,-6.6,-0.8,-7.4,-0.3
14,Tyronn Lue\luety01,22,8,146,10.5,.564,.205,.205,1.5,7.2,4.4,17.6,1.1,0.0,17.5,15.5,,0.2,0.2,0.3,.103,,-1.6,-1.6,-3.2,0.0
15,Sam Jacobson\jacobsa01,24,3,18,14.1,.506,.000,.222,0.0,5.9,3.0,21.6,2.9,0.0,16.8,29.0,,0.0,0.0,0.0,-0.006,,-3.7,-2.6,-6.3,0.0