Rk,,Age,G,GS,MP,FG,FGA,FG%,3P,3PA,3P%,2P,2PA,2P%,FT,FTA,FT%,ORB,DRB,TRB,AST,STL,BLK,TOV,PF,PTS,,ORtg,DRtg
1,Kobe Bryant\bryanko01,23,80,80,3063,12.7,27.2,.469,0.6,2.2,.250,12.2,24.9,.489,8.3,10.0,.829,1.9,5.6,7.5,7.5,2.0,0.6,3.8,3.9,34.4,,112,103
2,Shaquille O'Neal\onealsh01,29,67,66,2422,15.3,26.4,.579,0.0,0.0,.000,15.3,26.4,.580,8.6,15.4,.555,5.1,10.3,15.4,4.3,0.9,2.9,3.7,4.3,39.2,,116,99
3,Rick Fox\foxri01,32,82,82,2289,5.8,13.8,.421,1.5,4.7,.313,4.3,9.0,.479,1.6,1.9,.824,2.0,6.8,8.9,6.4,1.5,0.5,3.0,5.6,14.7,,103,103
4,Robert Horry\horryro01,31,81,23,2140,4.5,11.2,.398,1.9,4.9,.374,2.6,6.3,.416,2.6,3.4,.783,3.2,8.5,11.7,5.7,1.9,2.2,2.1,5.1,13.4,,114,99
5,Derek Fisher\fishede01,27,70,35,1974,7.2,17.6,.411,3.8,9.2,.413,3.4,8.4,.410,2.5,2.9,.847,0.4,3.5,3.9,4.8,1.7,0.2,1.6,3.2,20.8,,114,105
6,Devean George\georgde01,24,82,1,1759,6.4,15.5,.411,2.0,5.3,.371,4.4,10.2,.432,2.5,3.7,.675,2.3,6.7,9.0,3.3,2.1,1.2,2.0,5.6,17.2,,105,101
7,Samaki Walker\walkesa01,25,69,63,1655,5.9,11.5,.512,0.0,0.0,,5.9,11.5,.512,2.7,4.1,.667,4.1,11.1,15.1,2.0,0.9,2.8,1.7,5.4,14.5,,114,99
8,Lindsey Hunter\hunteli01,31,82,47,1616,6.0,15.8,.382,2.5,6.7,.380,3.5,9.1,.383,0.6,1.3,.500,0.6,3.3,3.9,4.2,2.1,0.6,1.8,3.9,15.3,,98,104
9,Stanislav Medvedenko\medvest01,22,71,6,729,10.4,21.7,.477,0.0,0.3,.000,10.4,21.4,.483,2.9,4.4,.661,6.1,5.2,11.3,3.1,2.1,0.8,3.0,8.5,23.7,,104,103
10,Mitch Richmond\richmmi01,36,64,2,709,7.4,18.2,.405,1.3,4.6,.290,6.0,13.6,.443,3.1,3.2,.955,1.0,5.9,6.9,4.2,1.3,0.4,2.9,4.5,19.1,,98,104
11,Mark Madsen\madsema01,26,59,5,650,5.3,11.7,.452,0.0,0.2,.000,5.3,11.5,.458,2.8,4.3,.648,7.1,5.9,13.0,3.5,1.3,1.0,1.8,8.3,13.4,,116,104
12,Brian Shaw\shawbr01,35,58,0,631,5.0,14.3,.353,2.4,7.3,.330,2.6,7.0,.376,1.5,2.1,.692,1.6,7.7,9.3,7.4,2.1,0.2,2.6,3.6,14.0,,101,102
13,Jelani McCoy\mccoyje01,24,21,0,104,6.0,10.5,.571,0.0,0.0,,6.0,10.5,.571,1.0,4.0,.250,4.0,8.5,12.5,3.5,0.0,2.5,4.0,7.0,13.0,,94,103
14,Joe Crispin\crispjo01,22,6,0,27,5.8,23.2,.250,0.0,7.7,.000,5.8,15.4,.375,7.7,9.7,.800,0.0,1.9,1.9,3.9,1.9,0.0,1.9,3.9,19.3,,81,106
15,Mike Penberthy\penbemi01,27,3,0,12,4.3,8.7,.500,0.0,0.0,,4.3,8.7,.500,13.0,17.4,.750,0.0,8.7,8.7,8.7,8.7,0.0,0.0,0.0,21.7,,156,87