Rk,,Age,G,MP,PER,TS%,3PAr,FTr,ORB%,DRB%,TRB%,AST%,STL%,BLK%,TOV%,USG%,,OWS,DWS,WS,WS/48,,OBPM,DBPM,BPM,VORP
1,Pau Gasol\gasolpa01,28,81,2999,22.2,.617,.002,.420,10.0,19.3,14.7,14.8,0.9,2.1,11.3,20.4,,9.8,4.2,13.9,.223,,3.3,1.7,5.0,5.3
2,Kobe Bryant\bryanko01,30,82,2960,24.4,.561,.196,.329,3.5,12.8,8.2,23.8,2.1,1.0,9.7,32.2,,8.6,4.0,12.7,.206,,4.8,-0.2,4.5,4.9
3,Derek Fisher\fishede01,34,82,2441,12.1,.546,.439,.189,1.2,7.4,4.4,14.9,2.0,0.2,8.8,14.7,,3.6,2.7,6.3,.123,,0.9,-0.3,0.6,1.6
4,Lamar Odom\odomla01,29,78,2316,16.6,.542,.147,.366,8.7,22.2,15.5,12.8,1.7,3.3,14.5,18.1,,2.7,4.2,6.9,.143,,-0.1,3.1,2.9,2.9
5,Trevor Ariza\arizatr01,23,82,1999,15.5,.544,.320,.284,6.4,13.5,10.0,10.4,3.5,0.9,11.5,16.6,,2.5,3.5,6.1,.146,,1.0,2.1,3.1,2.6
6,Andrew Bynum\bynuman01,21,50,1446,20.0,.598,.000,.428,10.8,20.1,15.6,7.7,0.6,4.8,12.5,20.7,,3.2,2.3,5.5,.184,,0.2,1.6,1.9,1.4
7,Sasha Vujacic\vujacsa01,24,80,1293,12.6,.531,.556,.190,1.7,10.0,5.9,12.2,3.0,0.4,7.5,16.0,,1.8,1.9,3.7,.138,,0.8,0.1,0.8,0.9
8,Jordan Farmar\farmajo01,22,65,1192,9.9,.466,.354,.187,2.1,8.9,5.5,18.6,2.4,0.6,16.3,19.6,,-0.7,1.5,0.8,.034,,-2.4,-0.5,-2.9,-0.3
9,Luke Walton\waltolu01,28,65,1166,11.3,.491,.186,.186,5.4,12.0,8.7,21.1,1.4,0.7,17.2,15.1,,0.7,1.3,2.0,.083,,-1.6,0.1,-1.5,0.2
10,Vladimir Radmanovic\radmavl01,28,46,771,11.6,.604,.636,.126,2.7,14.3,8.6,6.9,1.8,0.7,17.2,15.6,,0.5,1.0,1.6,.098,,-0.3,-0.3,-0.6,0.3
11,Josh Powell\poweljo01,26,60,703,9.9,.479,.000,.209,11.6,16.7,14.1,5.6,0.7,1.9,16.3,19.5,,-0.3,0.9,0.6,.043,,-4.6,-0.9,-5.5,-0.6
12,Didier Ilunga-Mbenga\mbengdj01,28,23,181,13.9,.504,.018,.140,5.7,13.6,9.7,7.2,2.8,10.2,17.7,17.8,,-0.1,0.4,0.3,.091,,-4.8,6.0,1.2,0.1
13,Shannon Brown\brownsh01,23,18,136,15.0,.631,.214,.214,2.5,13.9,8.3,10.9,1.5,1.1,16.4,17.8,,0.2,0.2,0.4,.131,,-1.2,-0.7,-1.9,0.0
14,Chris Mihm\mihmch01,29,18,105,10.0,.418,.000,.175,16.4,20.2,18.3,13.7,0.5,4.4,18.8,22.2,,-0.1,0.2,0.1,.026,,-4.9,1.2,-3.7,0.0
15,Adam Morrison\morriad01,24,8,44,2.9,.388,.333,.167,5.2,15.2,10.3,9.2,0.0,0.0,18.9,15.9,,-0.1,0.0,0.0,-0.045,,-6.4,-2.1,-8.5,-0.1
16,Sun Yue\yuesu01,23,10,28,-8.6,.273,.545,.000,0.0,0.0,0.0,9.8,1.8,2.8,21.4,22.0,,-0.2,0.0,-0.1,-0.226,,-11.4,-3.7,-15.2,-0.1