Rk,,Age,G,GS,MP,FG,FGA,FG%,3P,3PA,3P%,2P,2PA,2P%,FT,FTA,FT%,ORB,DRB,TRB,AST,STL,BLK,TOV,PF,PTS,,ORtg,DRtg
1,Shaquille O'Neal\onealsh01,28,74,74,2924,14.5,25.4,.572,0.0,0.0,.000,14.5,25.4,.573,8.9,17.4,.513,5.2,11.6,16.8,5.0,0.8,3.7,3.9,4.6,38.0,,114,101
2,Kobe Bryant\bryanko01,22,68,68,2783,13.2,28.4,.464,1.1,3.8,.305,12.0,24.6,.489,8.9,10.5,.853,2.0,5.5,7.5,6.4,2.1,0.8,4.1,4.2,36.4,,112,105
3,Horace Grant\grantho01,35,77,77,2390,5.8,12.5,.462,0.0,0.1,.000,5.8,12.4,.465,2.9,3.7,.775,4.8,7.1,11.9,2.6,1.1,1.3,1.1,4.0,14.4,,119,106
4,Rick Fox\foxri01,31,82,77,2291,6.6,14.8,.444,2.7,6.9,.393,3.9,7.9,.488,2.2,2.8,.779,1.8,5.6,7.4,6.0,1.6,0.7,3.1,5.1,18.0,,110,106
5,Brian Shaw\shawbr01,34,80,28,1833,4.7,11.7,.399,1.2,3.9,.311,3.5,7.9,.442,1.5,1.8,.797,1.4,7.3,8.7,7.4,1.4,0.8,2.8,4.5,12.0,,102,105
6,Robert Horry\horryro01,30,79,1,1587,4.8,12.5,.387,1.8,5.1,.346,3.1,7.4,.415,1.9,2.7,.711,3.1,6.7,9.8,4.2,1.8,1.8,2.6,6.9,13.4,,103,104
7,Isaiah Rider\rideris01,29,67,6,1206,8.7,20.5,.426,1.5,4.0,.370,7.2,16.5,.439,3.1,3.6,.855,1.9,4.9,6.8,4.8,1.2,0.3,4.3,4.6,22.0,,97,108
8,Ron Harper\harpero01,37,47,46,1139,5.8,12.4,.469,0.9,3.3,.264,5.0,9.1,.543,1.6,2.2,.708,2.1,5.5,7.6,5.2,1.8,1.1,2.8,3.2,14.1,,104,105
9,Mike Penberthy\penbemi01,26,53,0,851,5.7,13.6,.414,3.4,8.5,.396,2.3,5.1,.446,1.7,1.9,.903,0.6,3.3,3.9,4.4,1.4,0.1,2.1,3.5,16.4,,113,109
10,Derek Fisher\fishede01,26,20,20,709,5.7,13.8,.412,1.8,4.6,.397,3.8,9.2,.419,3.7,4.6,.806,0.4,4.0,4.4,6.4,2.9,0.1,2.1,3.7,16.9,,113,105
11,Mark Madsen\madsema01,25,70,3,641,4.5,9.2,.487,0.1,0.1,1.000,4.4,9.1,.482,2.1,3.0,.703,6.0,6.4,12.4,2.0,0.7,0.7,2.2,9.1,11.2,,112,107
12,Devean George\georgde01,23,59,1,593,5.6,18.3,.309,1.3,6.0,.221,4.3,12.3,.353,3.4,4.9,.709,3.1,6.6,9.7,1.7,1.3,1.3,3.0,7.7,16.1,,85,105
13,Tyronn Lue\luety01,23,38,1,468,5.6,13.1,.427,1.2,3.8,.324,4.4,9.3,.470,2.1,2.7,.792,0.6,3.0,3.6,5.0,2.1,0.0,3.0,6.0,14.5,,99,108
14,Greg Foster\fostegr01,32,62,8,451,6.5,15.4,.421,0.3,1.0,.333,6.1,14.4,.427,1.2,1.6,.714,3.4,9.6,13.0,3.7,1.0,1.4,2.9,8.8,14.5,,94,104
15,Stanislav Medvedenko\medvest01,21,7,0,39,16.1,33.5,.480,1.3,1.3,1.000,14.8,32.2,.458,9.4,16.1,.583,1.3,10.7,12.1,2.7,1.3,1.3,4.0,12.1,42.9,,102,102