Rk,,Age,G,MP,PER,TS%,3PAr,FTr,ORB%,DRB%,TRB%,AST%,STL%,BLK%,TOV%,USG%,,OWS,DWS,WS,WS/48,,OBPM,DBPM,BPM,VORP
1,Magic Johnson\johnsma02,25,77,2781,23.2,.637,.041,.516,4.1,14.4,9.7,42.5,1.9,0.5,21.7,20.5,,9.5,3.2,12.7,.220,,4.9,0.5,5.4,5.2
2,James Worthy\worthja01,23,80,2696,17.0,.601,.007,.230,7.9,13.2,10.8,9.6,1.5,1.3,14.4,20.6,,4.6,2.9,7.5,.134,,1.8,0.5,2.3,2.9
3,Kareem Abdul-Jabbar\abdulka01,37,79,2630,22.9,.628,.001,.327,7.7,18.2,13.5,13.1,1.1,3.3,12.5,24.3,,7.6,3.6,11.2,.204,,3.6,1.3,4.9,4.6
4,Byron Scott\scottby01,23,81,2305,16.8,.587,.060,.227,3.1,6.9,5.2,13.8,2.0,0.4,11.1,21.8,,4.8,2.1,6.9,.143,,1.9,-1.0,0.9,1.7
5,Michael Cooper\coopemi01,28,82,2189,12.9,.539,.207,.224,3.2,9.5,6.6,22.4,2.0,1.2,19.3,14.9,,2.3,2.3,4.6,.102,,0.3,0.7,1.0,1.6
6,Kurt Rambis\rambiku01,26,82,1617,12.7,.577,.000,.315,12.8,23.4,18.6,4.8,2.4,1.6,20.7,11.7,,1.3,2.8,4.1,.120,,-0.6,2.3,1.7,1.5
7,Larry Spriggs\sprigla01,25,75,1292,11.9,.598,.008,.412,7.5,12.1,10.0,12.0,1.7,0.5,21.6,16.7,,1.2,1.4,2.6,.095,,-0.3,0.3,-0.1,0.6
8,Bob McAdoo\mcadobo01,33,66,1254,15.4,.559,.002,.297,7.9,17.9,13.4,6.9,0.7,2.3,13.3,23.0,,1.4,1.5,2.9,.110,,-1.3,-1.0,-2.4,-0.1
9,Mike McGee\mcgeemi01,25,76,1170,17.3,.567,.100,.261,10.4,6.0,8.0,8.4,1.6,0.3,10.6,26.4,,2.1,0.9,3.0,.122,,2.1,-3.1,-1.1,0.3
10,Jamaal Wilkes\wilkeja01,31,42,761,11.0,.523,.003,.218,5.8,8.1,7.0,6.7,1.2,0.2,12.9,20.2,,0.3,0.5,0.9,.056,,-2.0,-2.0,-4.0,-0.4
11,Mitch Kupchak\kupchmi01,30,58,716,12.5,.539,.000,.373,11.9,16.9,14.6,3.5,1.2,1.5,14.5,18.7,,0.5,0.9,1.4,.094,,-1.9,-1.4,-3.4,-0.2
12,Ronnie Lester\lestero01,26,32,278,11.9,.465,.012,.378,1.8,8.2,5.3,32.8,2.5,0.6,25.1,18.6,,-0.1,0.3,0.2,.039,,-3.7,-1.4,-5.0,-0.2
13,Chuck Nevitt\nevitch01,25,11,59,2.1,.292,.000,.471,10.7,26.4,19.3,5.6,0.0,13.7,32.8,20.9,,-0.3,0.1,-0.2,-0.158,,-13.1,5.9,-7.2,-0.1
14,Earl Jones\jonesea01,24,2,7,-11.0,.000,.000,.000,0.0,0.0,0.0,0.0,0.0,0.0,50.0,11.6,,0.0,0.0,0.0,-0.307,,-14.2,-1.3,-15.5,0.0