Rk,,Age,G,GS,MP,FG,FGA,FG%,3P,3PA,3P%,2P,2PA,2P%,FT,FTA,FT%,ORB,DRB,TRB,AST,STL,BLK,TOV,PF,PTS,,ORtg,DRtg
1,Norm Nixon\nixonno01,26,82,82,3024,9.7,19.6,.493,0.0,0.2,.250,9.6,19.4,.495,2.8,3.4,.808,0.6,2.1,2.7,10.0,2.0,0.1,3.7,4.1,22.2,,109,109
2,Magic Johnson\johnsma02,22,78,77,2991,8.7,16.1,.537,0.1,0.5,.207,8.6,15.7,.546,5.1,6.7,.760,3.9,7.8,11.7,11.6,3.2,0.5,4.5,3.5,22.5,,118,102
3,Jamaal Wilkes\wilkeja01,28,82,82,2906,11.9,22.7,.525,0.0,0.1,.000,11.9,22.6,.527,3.9,5.4,.732,2.5,3.8,6.3,2.3,1.4,0.4,2.6,3.8,27.8,,112,109
4,Kareem Abdul-Jabbar\abdulka01,34,76,76,2677,13.1,22.6,.579,0.0,0.1,.000,13.1,22.6,.580,5.4,7.7,.706,3.0,8.5,11.5,3.9,1.1,3.6,4.0,3.9,31.6,,116,104
5,Michael Cooper\coopemi01,25,76,14,2197,8.1,15.7,.517,0.0,0.4,.118,8.1,15.3,.526,2.9,3.6,.813,1.8,3.9,5.7,4.9,2.5,1.3,3.2,4.6,19.2,,109,106
6,Mark Landsberger\landsma01,26,75,1,1134,5.9,13.5,.438,0.0,0.1,.000,5.9,13.4,.440,1.4,2.7,.508,6.7,9.7,16.5,1.3,0.4,0.3,2.0,5.5,13.2,,103,107
7,Kurt Rambis\rambiku01,23,64,43,1131,4.9,9.4,.518,0.0,0.0,.000,4.9,9.3,.520,2.4,4.8,.504,4.8,9.6,14.3,2.3,2.5,3.1,3.2,6.9,12.1,,101,100
8,Jim Brewer\breweji01,30,71,9,966,3.9,8.4,.463,0.0,0.3,.167,3.9,8.1,.473,0.3,0.9,.368,5.1,7.6,12.7,2.0,1.9,2.2,1.8,6.1,8.2,,105,104
9,Mitch Kupchak\kupchmi01,27,26,26,821,8.7,15.1,.573,0.0,0.0,,8.7,15.1,.573,3.7,5.6,.663,3.6,8.3,11.9,1.9,0.7,0.6,2.4,4.5,21.0,,117,107
10,Bob McAdoo\mcadobo01,30,41,0,746,9.4,20.6,.458,0.0,0.3,.000,9.4,20.3,.465,5.6,7.9,.714,2.8,7.1,9.9,2.0,1.4,2.2,3.2,6.8,24.5,,104,105
11,Eddie Jordan\jordaed01,27,58,0,608,6.8,15.9,.428,0.1,0.7,.111,6.7,15.2,.442,3.3,4.1,.796,0.3,3.0,3.3,10.0,4.7,0.1,5.1,7.5,17.0,,95,103
12,Mike McGee\mcgeemi01,22,39,0,352,10.6,22.8,.465,0.0,0.5,.000,10.6,22.2,.476,4.1,7.0,.585,4.5,2.0,6.5,2.1,2.4,0.4,4.5,7.8,25.3,,96,108
13,Kevin McKenna\mckenke01,23,36,0,237,5.5,17.1,.322,0.0,0.4,.000,5.5,16.7,.329,2.2,3.3,.647,3.5,2.2,5.7,2.8,2.0,0.4,3.9,8.8,13.2,,78,109
14,Clay Johnson\johnscl02,25,7,0,65,7.9,14.3,.550,0.0,0.0,,7.9,14.3,.550,2.1,4.3,.500,5.7,2.9,8.6,5.0,2.1,2.1,5.0,9.3,17.9,,102,106