Rk,,Age,G,GS,MP,FG,FGA,FG%,3P,3PA,3P%,2P,2PA,2P%,FT,FTA,FT%,ORB,DRB,TRB,AST,STL,BLK,TOV,PF,PTS,,ORtg,DRtg
1,Byron Scott\scottby01,26,81,81,3048,11.3,21.4,.527,1.0,2.8,.346,10.3,18.6,.554,4.3,5.0,.858,1.2,4.1,5.3,5.3,2.5,0.4,2.6,3.2,27.9,,118,108
2,James Worthy\worthja01,26,75,72,2655,11.3,21.2,.531,0.0,0.3,.125,11.2,20.9,.537,4.4,5.5,.796,2.4,4.5,6.8,5.3,1.3,1.0,2.8,3.2,27.0,,115,109
3,Magic Johnson\johnsma02,28,72,70,2637,9.0,18.3,.492,0.2,1.0,.196,8.8,17.3,.510,7.7,9.0,.853,1.6,6.6,8.2,15.8,2.1,0.2,4.9,2.7,25.9,,118,107
4,A.C. Green\greenac01,24,82,64,2636,5.9,11.8,.503,0.0,0.0,.000,5.9,11.7,.505,5.4,7.0,.773,4.5,8.5,13.0,1.7,1.6,0.8,2.2,3.7,17.2,,119,106
5,Kareem Abdul-Jabbar\abdulka01,40,80,80,2308,10.1,19.0,.532,0.0,0.0,.000,10.1,18.9,.532,4.3,5.6,.762,2.5,7.6,10.0,2.8,1.0,1.9,3.3,4.5,24.4,,109,107
6,Mychal Thompson\thompmy01,33,80,0,2007,8.9,17.4,.512,0.0,0.1,.000,8.9,17.4,.515,4.5,7.0,.634,4.8,7.0,11.8,1.6,0.9,1.9,2.7,6.1,22.3,,110,107
7,Michael Cooper\coopemi01,31,61,8,1793,5.1,13.0,.392,1.5,4.8,.320,3.6,8.2,.434,2.6,3.1,.858,1.4,4.8,6.2,7.8,1.8,0.7,2.7,3.7,14.4,,107,108
8,Kurt Rambis\rambiku01,29,70,20,845,5.8,10.7,.548,0.0,0.0,,5.8,10.7,.548,4.2,5.3,.785,5.9,9.5,15.4,3.1,2.2,0.7,3.4,5.9,15.9,,116,104
9,Wes Matthews\matthwe01,28,51,8,706,7.8,17.0,.460,0.5,2.1,.233,7.3,15.0,.491,3.7,4.5,.831,1.1,3.4,4.5,9.5,1.7,0.2,4.7,4.5,19.8,,102,110
10,Mike Smrek\smrekmi01,25,48,2,421,5.1,11.9,.427,0.0,0.0,,5.1,11.9,.427,5.1,7.6,.667,3.1,6.7,9.8,0.9,0.8,4.8,3.5,12.1,15.2,,95,105
11,Milt Wagner\wagnemi01,24,40,4,380,7.9,18.7,.422,0.3,1.3,.200,7.6,17.5,.438,3.3,3.7,.897,0.5,3.1,3.6,7.8,0.8,0.5,2.8,5.4,19.4,,102,112
12,Tony Campbell\campbto01,25,13,1,242,11.4,20.2,.564,0.2,0.6,.333,11.2,19.6,.571,5.6,7.8,.718,1.6,3.8,5.4,3.0,2.2,0.4,5.2,8.2,28.6,,104,108
13,Ray Tolbert\tolbera01,29,14,0,82,9.5,16.5,.571,0.0,0.0,,9.5,16.5,.571,5.9,7.7,.769,5.3,6.5,11.8,3.0,1.8,1.8,6.5,8.3,24.8,,104,106
14,Billy Thompson\thompbi01,24,9,0,38,3.8,16.6,.231,0.0,0.0,,3.8,16.6,.231,10.2,12.7,.800,2.5,8.9,11.5,1.3,1.3,0.0,7.6,14.0,17.8,,73,107
15,Jeff Lamp\lampje01,28,3,0,7,0.0,0.0,,0.0,0.0,,0.0,0.0,,13.8,13.8,1.000,0.0,0.0,0.0,0.0,0.0,0.0,0.0,6.9,13.8,,250,116