Rk,,Age,G,MP,PER,TS%,3PAr,FTr,ORB%,DRB%,TRB%,AST%,STL%,BLK%,TOV%,USG%,,OWS,DWS,WS,WS/48,,OBPM,DBPM,BPM,VORP
1,Kobe Bryant\bryanko01,31,73,2835,21.9,.545,.192,.345,3.1,12.2,7.7,23.8,2.1,0.5,11.4,32.3,,5.4,4.0,9.4,.160,,3.6,-0.1,3.6,4.0
2,Metta World Peace\artesro01,30,77,2605,12.1,.514,.400,.251,4.3,9.9,7.1,13.3,2.1,0.6,12.8,16.2,,1.8,3.5,5.3,.098,,0.3,1.2,1.5,2.3
3,Lamar Odom\odomla01,30,82,2585,15.9,.533,.246,.273,8.0,26.5,17.3,15.6,1.5,1.7,15.3,17.0,,2.8,4.9,7.7,.143,,0.0,3.1,3.1,3.3
4,Pau Gasol\gasolpa01,29,65,2403,22.9,.593,.006,.429,11.4,22.7,17.1,15.0,0.8,3.5,12.5,21.4,,6.8,4.2,11.0,.220,,2.4,3.0,5.4,4.5
5,Derek Fisher\fishede01,35,82,2227,9.3,.499,.401,.237,1.3,7.2,4.3,12.9,2.1,0.3,11.2,14.0,,1.2,2.7,3.9,.085,,-1.2,0.4,-0.8,0.7
6,Andrew Bynum\bynuman01,22,65,1977,20.2,.608,.001,.379,10.1,20.4,15.3,5.8,0.9,3.6,12.5,20.8,,4.4,3.4,7.8,.188,,0.2,1.3,1.4,1.7
7,Shannon Brown\brownsh01,24,82,1700,12.4,.517,.319,.204,2.0,10.0,6.0,9.9,1.7,1.4,9.4,18.8,,1.1,2.3,3.4,.096,,-1.3,-0.1,-1.4,0.3
8,Jordan Farmar\farmajo01,23,82,1474,12.3,.535,.445,.165,1.1,8.8,5.0,13.4,1.8,0.6,11.5,19.0,,1.0,1.8,2.8,.093,,-0.5,-1.0,-1.4,0.2
9,Josh Powell\poweljo01,27,63,581,6.7,.407,.082,.160,8.5,13.7,11.2,9.0,0.8,0.8,13.7,18.6,,-0.7,0.7,0.0,.001,,-5.5,-0.8,-6.2,-0.6
10,Sasha Vujacic\vujacsa01,25,67,575,11.4,.518,.494,.201,4.9,10.4,7.7,10.5,1.8,0.5,8.7,15.2,,0.7,0.7,1.4,.120,,-0.4,-0.5,-0.9,0.2
11,Didier Ilunga-Mbenga\mbengdj01,29,49,355,11.6,.471,.000,.184,10.2,17.2,13.7,3.4,0.7,6.2,11.9,16.0,,0.0,0.6,0.6,.084,,-5.1,1.7,-3.4,-0.1
12,Luke Walton\waltolu01,29,29,272,9.7,.402,.202,.048,5.0,10.6,7.8,21.5,1.9,0.3,12.3,16.1,,-0.1,0.4,0.3,.047,,-3.2,-0.2,-3.4,-0.1
13,Adam Morrison\morriad01,25,31,241,7.4,.418,.247,.094,4.7,10.1,7.4,11.3,0.6,0.6,10.2,18.3,,-0.2,0.2,0.0,.009,,-4.4,-1.8,-6.2,-0.3
