Rk,,Age,G,MP,PER,TS%,3PAr,FTr,ORB%,DRB%,TRB%,AST%,STL%,BLK%,TOV%,USG%,,OWS,DWS,WS,WS/48,,OBPM,DBPM,BPM,VORP
1,Kobe Bryant\bryanko01,23,80,3063,23.2,.544,.083,.369,4.1,11.7,7.9,25.9,2.0,0.8,10.7,30.4,,8.9,3.8,12.7,.199,,4.4,0.1,4.4,5.0
2,Shaquille O'Neal\onealsh01,29,67,2422,29.7,.590,.001,.583,10.8,21.6,16.3,16.4,0.9,4.1,10.0,31.8,,9.2,4.0,13.2,.262,,5.5,1.5,7.0,5.5
3,Rick Fox\foxri01,32,82,2289,11.3,.502,.344,.140,4.4,14.3,9.4,18.1,1.5,0.7,17.0,15.2,,1.5,2.8,4.3,.091,,-0.3,0.9,0.6,1.5
4,Robert Horry\horryro01,31,81,2140,14.5,.528,.441,.300,6.8,17.8,12.3,15.3,1.9,3.0,14.5,12.8,,3.3,3.6,6.9,.154,,0.9,3.2,4.1,3.3
5,Derek Fisher\fishede01,27,70,1974,14.0,.550,.524,.167,0.8,7.2,4.1,13.9,1.7,0.3,8.0,17.6,,3.7,1.8,5.5,.134,,2.2,-1.3,0.8,1.4
6,Devean George\georgde01,24,82,1759,12.6,.502,.340,.241,4.9,14.0,9.5,9.4,2.1,1.7,10.2,16.4,,1.6,2.6,4.2,.113,,-0.4,1.1,0.7,1.2
7,Samaki Walker\walkesa01,25,69,1655,14.5,.545,.000,.353,8.7,23.2,16.0,5.7,0.9,3.8,11.2,12.9,,2.4,2.8,5.3,.153,,-1.7,2.3,0.6,1.1
8,Lindsey Hunter\hunteli01,31,82,1616,9.4,.466,.424,.082,1.2,7.0,4.1,11.7,2.1,0.8,9.8,15.6,,0.2,1.7,2.0,.059,,-1.5,-0.4,-1.9,0.0
9,Stanislav Medvedenko\medvest01,22,71,729,15.6,.500,.013,.204,13.0,10.9,12.0,9.9,2.1,1.1,11.3,23.0,,0.9,0.9,1.8,.118,,-0.4,-0.7,-1.1,0.2
10,Mitch Richmond\richmmi01,36,64,709,10.7,.488,.251,.178,2.2,12.3,7.3,12.3,1.3,0.6,13.1,19.4,,0.1,0.8,0.9,.062,,-2.7,-1.4,-4.0,-0.4
11,Mark Madsen\madsema01,26,59,650,12.7,.492,.014,.370,15.3,12.3,13.7,9.7,1.3,1.4,11.5,13.2,,1.2,0.8,1.9,.142,,-0.1,0.6,0.6,0.4
12,Brian Shaw\shawbr01,35,58,631,11.8,.458,.509,.150,3.4,16.1,9.8,20.2,2.1,0.3,14.8,15.4,,0.3,0.9,1.2,.089,,-1.1,0.2,-0.9,0.2
13,Jelani McCoy\mccoyje01,24,21,104,9.5,.530,.000,.381,8.6,17.8,13.3,9.9,0.0,3.4,24.6,14.0,,0.0,0.1,0.1,.050,,-4.3,0.8,-3.5,0.0
14,Joe Crispin\crispjo01,22,6,27,5.0,.352,.333,.417,0.0,4.0,2.0,10.8,1.9,0.0,6.6,25.2,,-0.1,0.0,0.0,-0.066,,-6.1,-4.6,-10.7,-0.1
15,Mike Penberthy\penbemi01,27,3,12,31.3,.665,.000,2.000,0.0,18.2,9.2,23.4,8.7,0.0,0.0,14.1,,0.1,0.0,0.1,.420,,4.8,5.5,10.3,0.0
