Rk,,Age,G,MP,PER,TS%,3PAr,FTr,ORB%,DRB%,TRB%,AST%,STL%,BLK%,TOV%,USG%,,OWS,DWS,WS,WS/48,,OBPM,DBPM,BPM,VORP
1,Norm Nixon\nixonno01,26,82,3024,15.3,.525,.009,.176,1.4,4.8,3.2,27.7,2.0,0.1,14.8,21.1,,4.2,2.4,6.6,.104,,0.5,-1.9,-1.4,0.4
2,Magic Johnson\johnsma02,22,78,2991,22.9,.590,.028,.418,9.5,17.5,13.7,31.0,3.2,0.6,18.9,20.1,,8.1,4.8,12.9,.207,,5.1,3.2,8.3,7.8
3,Jamaal Wilkes\wilkeja01,28,82,2906,16.5,.554,.003,.237,6.0,8.7,7.4,6.7,1.4,0.4,9.5,23.6,,5.3,2.4,7.7,.127,,1.1,-1.8,-0.7,1.0
4,Kareem Abdul-Jabbar\abdulka01,34,76,2677,23.4,.608,.002,.340,7.3,19.1,13.4,11.9,1.1,4.1,13.3,25.6,,6.9,3.9,10.7,.192,,2.9,1.4,4.3,4.2
5,Michael Cooper\coopemi01,25,76,2197,14.3,.556,.023,.231,4.3,8.8,6.7,12.9,2.5,1.5,15.6,17.5,,2.4,2.6,5.0,.109,,0.1,1.2,1.2,1.8
6,Mark Landsberger\landsma01,26,75,1134,10.3,.449,.006,.198,16.3,22.0,19.3,3.3,0.4,0.3,12.1,14.2,,0.5,1.2,1.7,.072,,-2.7,-2.1,-4.8,-0.8
7,Kurt Rambis\rambiku01,23,64,1131,12.8,.528,.004,.513,11.6,21.5,16.8,5.6,2.5,3.6,21.6,12.5,,0.3,2.1,2.3,.100,,-2.1,3.3,1.2,0.9
8,Jim Brewer\breweji01,30,71,966,10.1,.464,.034,.109,12.4,17.2,14.9,4.8,1.9,2.5,16.8,9.1,,0.4,1.4,1.8,.088,,-2.1,2.1,0.1,0.5
9,Mitch Kupchak\kupchmi01,27,26,821,15.2,.598,.000,.367,8.8,18.7,13.9,5.0,0.7,0.6,12.2,17.1,,1.5,0.8,2.4,.139,,0.3,-1.0,-0.7,0.3
10,Bob McAdoo\mcadobo01,30,41,746,14.4,.509,.015,.382,6.8,16.1,11.6,5.5,1.4,2.6,11.7,23.2,,0.5,1.0,1.5,.095,,-2.6,-1.0,-3.6,-0.3
11,Eddie Jordan\jordaed01,27,58,608,12.2,.479,.043,.260,0.7,6.7,3.9,25.6,4.7,0.1,22.2,19.4,,-0.2,0.9,0.7,.055,,-3.1,-0.1,-3.2,-0.2
12,Mike McGee\mcgeemi01,22,39,352,11.7,.489,.023,.308,10.9,4.5,7.6,6.0,2.4,0.5,14.8,25.9,,-0.1,0.3,0.2,.029,,-2.3,-2.7,-5.0,-0.3
13,Kevin McKenna\mckenke01,23,36,237,2.8,.355,.023,.195,8.6,4.9,6.7,6.8,2.0,0.4,17.5,19.2,,-0.5,0.2,-0.3,-0.069,,-6.3,-1.6,-7.8,-0.3
14,Clay Johnson\johnscl02,25,7,65,12.8,.552,.000,.300,13.9,6.5,10.1,13.2,2.1,2.5,23.6,18.1,,0.0,0.1,0.1,.072,,-0.5,0.6,0.1,0.0
