Rk,,Age,G,GS,MP,FG,FGA,FG%,3P,3PA,3P%,2P,2PA,2P%,FT,FTA,FT%,ORB,DRB,TRB,AST,STL,BLK,TOV,PF,PTS,,ORtg,DRtg
1,Norm Nixon\nixonno01,24,82,,3226,8.9,17.3,.516,0.0,0.1,.125,8.9,17.2,.519,2.8,3.6,.779,0.7,2.5,3.3,9.2,2.1,0.2,4.1,3.4,20.7,,107,107
2,Kareem Abdul-Jabbar\abdulka01,32,82,,3143,12.3,20.3,.604,0.0,0.0,.000,12.3,20.3,.604,5.3,7.0,.765,2.8,10.2,13.0,5.4,1.2,4.1,4.4,3.2,29.8,,118,100
3,Jamaal Wilkes\wilkeja01,26,82,,3111,10.8,20.1,.535,0.0,0.3,.176,10.7,19.9,.539,2.8,3.5,.808,2.6,5.2,7.8,3.7,1.9,0.4,2.3,3.3,24.4,,115,105
4,Magic Johnson\johnsma02,20,77,,2795,8.3,15.7,.530,0.1,0.5,.226,8.2,15.1,.540,6.2,7.6,.810,2.7,7.1,9.8,9.3,3.1,0.7,5.0,3.6,22.9,,113,101
5,Jim Chones\choneji01,30,82,,2394,7.2,14.6,.489,0.0,0.0,.000,7.2,14.6,.491,2.4,3.3,.740,2.8,8.1,10.9,2.9,1.1,1.3,3.4,5.2,16.7,,100,104
6,Michael Cooper\coopemi01,23,82,,1973,7.1,13.5,.524,0.1,0.5,.250,7.0,13.0,.534,2.6,3.3,.776,2.4,3.0,5.4,5.2,2.0,0.9,3.3,5.0,16.9,,108,106
7,Spencer Haywood\haywosp01,30,76,,1544,8.6,17.7,.487,0.0,0.1,.250,8.6,17.5,.489,4.7,6.2,.772,3.9,6.4,10.3,2.8,1.0,1.7,4.0,5.9,22.0,,104,105
8,Don Ford\forddo01,27,52,,580,5.2,10.3,.508,0.0,0.1,.000,5.2,10.3,.512,1.8,2.2,.821,1.8,6.0,7.8,2.9,0.9,1.2,2.4,6.8,12.3,,105,106
9,Mark Landsberger\landsma01,24,23,,374,8.1,16.9,.482,0.0,0.0,,8.1,16.9,.482,3.6,6.9,.518,8.5,11.6,20.1,1.7,1.2,0.6,3.1,3.3,19.9,,106,102
10,Brad Holland\hollabr01,23,38,,197,10.3,24.3,.423,0.7,3.5,.200,9.6,20.8,.461,3.5,3.7,.938,0.9,3.0,4.0,5.2,3.5,0.2,3.0,5.6,24.8,,100,104
11,Marty Byrnes\byrnema01,23,32,,194,5.9,11.9,.500,0.0,0.0,,5.9,11.9,.500,3.1,3.6,.867,2.1,4.3,6.4,3.1,1.2,0.2,5.2,7.6,15.0,,91,107
12,Ollie Mack\mackol01,22,27,,155,6.2,14.9,.420,0.0,0.3,.000,6.2,14.6,.429,2.7,5.4,.500,2.1,4.5,6.5,6.0,1.2,0.0,2.7,4.8,15.2,,97,107
13,Ron Boone\boonero01,33,6,,106,6.1,17.4,.350,0.0,0.0,,6.1,17.4,.350,2.6,3.0,.857,1.7,3.0,4.8,3.0,2.2,0.0,5.7,5.7,14.8,,74,106
14,Kenny Carr\carrke01,24,5,,57,5.7,12.9,.438,0.0,0.0,,5.7,12.9,.438,1.6,1.6,1.000,4.0,9.7,13.8,0.8,1.6,0.8,7.3,4.9,12.9,,72,102
15,Butch Lee\leebu01,23,11,,31,6.0,19.3,.308,0.0,0.0,,6.0,19.3,.308,8.9,10.4,.857,6.0,6.0,11.9,13.4,1.5,0.0,10.4,3.0,20.8,,87,106
