Rk,,Age,G,MP,PER,TS%,3PAr,FTr,ORB%,DRB%,TRB%,AST%,STL%,BLK%,TOV%,USG%,,OWS,DWS,WS,WS/48,,OBPM,DBPM,BPM,VORP
1,Norm Nixon\nixonno01,24,82,3226,14.9,.548,.007,.209,1.9,5.5,3.9,25.3,2.1,0.2,17.9,20.0,,4.1,2.7,6.7,.100,,0.5,-1.4,-0.9,0.9
2,Kareem Abdul-Jabbar\abdulka01,32,82,3143,25.3,.639,.001,.344,7.2,22.2,15.4,16.5,1.2,4.6,15.7,24.1,,9.5,5.3,14.8,.227,,4.0,2.7,6.7,6.8
3,Jamaal Wilkes\wilkeja01,26,82,3111,17.6,.563,.013,.172,6.8,11.2,9.2,10.8,1.9,0.5,9.7,20.8,,6.7,3.2,10.0,.154,,2.3,-0.3,2.0,3.1
4,Magic Johnson\johnsma02,20,77,2795,20.6,.602,.033,.487,7.1,15.4,11.6,25.2,3.1,0.8,20.9,20.9,,6.2,4.3,10.5,.180,,3.3,2.2,5.5,5.3
5,Jim Chones\choneji01,30,82,2394,11.3,.521,.003,.222,7.1,17.6,12.8,7.6,1.1,1.4,17.3,16.9,,0.7,2.8,3.5,.071,,-2.1,0.3,-1.8,0.1
6,Michael Cooper\coopemi01,23,82,1973,12.5,.563,.035,.247,6.1,6.5,6.3,13.5,2.0,1.0,18.1,15.9,,2.2,1.8,4.0,.097,,0.0,-0.1,-0.1,0.9
7,Spencer Haywood\haywosp01,30,76,1544,13.9,.540,.007,.349,10.2,13.9,12.2,7.6,1.0,1.9,16.4,21.2,,1.4,1.7,3.1,.095,,-1.3,-1.1,-2.4,-0.2
8,Don Ford\forddo01,27,52,580,8.3,.545,.008,.215,4.7,13.0,9.2,7.2,0.9,1.3,17.4,11.9,,0.3,0.6,0.9,.073,,-2.8,-0.4,-3.2,-0.2
9,Mark Landsberger\landsma01,24,23,374,17.0,.498,.000,.409,22.0,25.2,23.8,4.7,1.2,0.7,13.4,20.0,,0.4,0.5,1.0,.128,,-0.5,-2.5,-3.0,-0.1
10,Brad Holland\hollabr01,23,38,197,14.3,.477,.144,.154,2.4,6.6,4.7,14.8,3.5,0.3,10.5,25.2,,0.1,0.2,0.3,.081,,-1.6,-2.4,-4.0,-0.1
11,Marty Byrnes\byrnema01,23,32,194,6.3,.557,.000,.300,5.5,9.3,7.6,7.9,1.2,0.3,28.0,16.2,,-0.1,0.2,0.0,.009,,-4.3,-1.7,-6.0,-0.2
12,Ollie Mack\mackol01,22,27,155,9.1,.440,.020,.360,5.4,9.7,7.7,15.3,1.2,0.0,13.4,17.3,,0.0,0.1,0.1,.035,,-3.3,-2.3,-5.6,-0.1
13,Ron Boone\boonero01,33,6,106,3.0,.395,.000,.175,4.5,6.6,5.7,7.8,2.2,0.0,23.2,21.2,,-0.3,0.1,-0.2,-0.098,,-7.5,-1.8,-9.2,-0.2
14,Kenny Carr\carrke01,24,5,57,5.2,.474,.000,.125,10.5,21.1,16.3,2.0,1.6,0.9,34.8,18.2,,-0.2,0.1,-0.1,-0.067,,-8.2,-1.6,-9.8,-0.1
15,Butch Lee\leebu01,23,11,31,12.4,.435,.000,.538,15.4,12.9,14.1,34.1,1.5,0.0,30.3,29.8,,-0.1,0.0,0.0,-0.051,,-3.8,-1.3,-5.1,0.0
