Rk,,Age,G,GS,MP,FG,FGA,FG%,3P,3PA,3P%,2P,2PA,2P%,FT,FTA,FT%,ORB,DRB,TRB,AST,STL,BLK,TOV,PF,PTS,,ORtg,DRtg
1,Dwyane Wade\wadedw01,24,75,75,2892,12.7,25.6,.495,0.2,1.4,.171,12.4,24.2,.513,11.4,14.6,.783,1.9,5.9,7.8,9.1,2.6,1.1,4.9,3.9,37.0,,115,103
2,Udonis Haslem\hasleud01,25,81,80,2491,6.3,12.4,.508,0.0,0.0,.000,6.3,12.4,.509,3.3,4.2,.789,3.5,9.8,13.3,2.0,1.1,0.4,1.7,4.5,15.9,,116,105
3,Gary Payton\paytoga01,37,81,25,2305,5.2,12.4,.420,1.5,5.2,.287,3.7,7.2,.517,2.3,2.9,.794,0.8,4.5,5.3,5.8,1.6,0.2,2.3,3.8,14.2,,107,107
4,Antoine Walker\walkean02,29,82,19,2199,9.3,21.4,.435,3.3,9.1,.358,6.1,12.3,.493,1.9,3.1,.628,2.5,7.6,10.0,4.0,1.1,0.7,3.6,4.5,23.8,,101,105
5,James Posey\poseyja01,29,67,63,1914,4.4,10.8,.403,3.2,7.9,.403,1.2,2.9,.400,1.3,1.7,.787,0.9,7.8,8.7,2.4,1.5,0.5,1.6,5.4,13.2,,112,105
6,Jason Williams\willija02,30,59,56,1874,7.5,16.9,.442,3.0,8.1,.372,4.5,8.9,.506,2.4,2.7,.867,0.2,3.7,3.9,8.0,1.5,0.1,2.8,2.8,20.4,,113,108
7,Shaquille O'Neal\onealsh01,33,59,58,1806,13.9,23.2,.600,0.0,0.0,,13.9,23.2,.600,6.4,13.7,.469,5.0,10.7,15.7,3.3,0.7,3.0,4.9,6.7,34.3,,108,102
8,Alonzo Mourning\mournal01,35,65,20,1302,7.6,12.7,.597,0.0,0.0,.000,7.6,12.6,.599,5.4,9.0,.594,5.0,9.4,14.5,0.4,0.5,7.0,3.2,7.1,20.5,,113,98
9,Jason Kapono\kaponja01,24,51,2,665,6.2,14.0,.446,1.7,4.2,.396,4.6,9.8,.468,2.2,2.6,.848,0.9,4.7,5.6,2.9,0.6,0.2,1.6,7.0,16.3,,110,109
10,Shandon Anderson\andersh01,32,48,1,638,4.4,10.4,.429,0.4,1.6,.263,4.0,8.8,.458,1.1,1.5,.722,1.5,5.2,6.7,2.5,1.4,0.5,2.0,6.2,10.4,,95,106
11,Derek Anderson\anderde01,31,23,3,465,4.5,14.7,.308,2.4,7.6,.313,2.1,7.1,.302,3.6,4.3,.842,1.0,5.7,6.8,5.4,0.9,0.2,1.9,5.5,15.0,,102,107
12,Wayne Simien\simiewa01,22,43,2,414,7.3,15.2,.483,0.0,0.0,,7.3,15.2,.483,3.8,4.3,.882,4.8,6.3,11.1,0.9,1.6,0.1,3.0,8.9,18.5,,106,105
13,Michael Doleac\doleami01,28,31,3,371,5.2,12.4,.420,0.0,0.0,,5.2,12.4,.420,3.4,4.2,.800,3.2,8.8,12.0,1.1,1.4,1.0,2.0,6.4,13.8,,101,104
14,Gerald Fitch\fitchge01,23,18,1,239,6.6,19.5,.337,1.5,5.7,.269,5.0,13.8,.365,3.7,5.0,.739,1.5,5.0,6.6,7.2,1.5,1.1,3.3,6.1,18.4,,93,105
15,Dorell Wright\wrighdo01,20,20,2,132,7.9,17.1,.465,1.2,2.4,.500,6.8,14.7,.459,6.0,6.8,.882,0.8,11.9,12.7,3.2,1.2,0.4,5.6,4.8,23.0,,97,103
16,Earl Barron\barroea01,24,8,0,45,5.8,18.6,.313,0.0,0.0,,5.8,18.6,.313,3.5,4.7,.750,2.3,9.3,11.6,0.0,0.0,0.0,5.8,11.6,15.1,,65,107
17,Matt Walsh\walshma01,23,2,0,3,17.5,17.5,1.000,0.0,0.0,,17.5,17.5,1.000,0.0,34.9,.000,0.0,0.0,0.0,0.0,0.0,0.0,17.5,0.0,34.9,,42,113