Rk,,Age,G,GS,MP,FG,FGA,FG%,3P,3PA,3P%,2P,2PA,2P%,FT,FTA,FT%,ORB,DRB,TRB,AST,STL,BLK,TOV,PF,PTS,,ORtg,DRtg
1,Paul Pierce\piercpa01,30,26,26,990,9.2,20.9,.441,2.4,6.7,.361,6.8,14.2,.478,8.0,10.0,.802,1.2,6.1,7.3,6.7,1.6,0.5,4.6,5.1,28.8,,110,105
2,Ray Allen\allenra02,32,26,26,987,7.5,17.6,.428,3.1,7.9,.396,4.4,9.7,.453,4.8,5.2,.913,1.4,4.1,5.5,4.0,1.4,0.5,2.2,3.6,22.9,,117,107
3,Kevin Garnett\garneke01,31,26,26,987,12.3,24.8,.495,0.1,0.5,.250,12.2,24.3,.500,5.3,6.6,.810,4.1,11.4,15.5,4.9,2.0,1.6,3.1,4.2,30.0,,112,99
4,Rajon Rondo\rondora01,21,26,26,831,7.2,17.7,.407,0.3,1.3,.250,6.9,16.3,.420,3.2,4.6,.691,2.6,4.6,7.2,11.6,3.0,0.5,3.2,5.0,17.9,,106,103
5,Kendrick Perkins\perkike01,23,25,25,631,5.5,9.4,.585,0.0,0.1,.000,5.5,9.3,.590,3.5,5.2,.678,4.6,8.9,13.5,1.2,1.3,2.8,2.7,8.1,14.5,,114,101
6,James Posey\poseyja01,31,26,0,573,5.1,11.6,.437,3.4,8.6,.398,1.7,3.0,.548,3.4,3.9,.875,1.2,7.9,9.1,2.7,2.5,0.8,1.4,5.9,17.0,,127,101
7,P.J. Brown\brownpj01,38,25,0,341,4.3,9.2,.464,0.0,0.2,.000,4.3,9.0,.473,3.4,4.1,.840,2.9,6.7,9.7,2.0,0.8,1.6,2.0,9.5,12.0,,110,104
8,Leon Powe\powele01,24,23,1,270,7.4,15.1,.493,0.0,0.0,,7.4,15.1,.493,9.1,13.7,.667,6.6,6.2,12.8,0.8,0.0,0.6,2.5,9.3,24.0,,118,108
9,Sam Cassell\cassesa01,38,21,0,264,7.8,23.5,.333,1.3,5.9,.214,6.6,17.6,.373,3.0,3.6,.824,0.4,2.8,3.2,5.3,1.7,0.2,2.5,6.3,19.9,,87,107
10,Eddie House\houseed01,29,21,0,165,5.8,19.0,.304,3.7,10.5,.355,2.0,8.5,.240,2.4,2.7,.875,0.7,6.8,7.4,6.1,1.7,0.3,1.4,4.4,17.6,,102,104
11,Glen Davis\davisgl01,22,17,0,137,5.7,13.9,.412,0.0,0.4,.000,5.7,13.5,.424,4.5,7.3,.611,4.9,5.3,10.2,2.9,2.0,1.6,4.1,11.0,15.9,,93,103
12,Tony Allen\allento01,26,15,0,65,7.7,13.7,.563,0.0,0.9,.000,7.7,12.9,.600,1.7,4.3,.400,0.9,1.7,2.6,2.6,1.7,0.0,0.9,4.3,17.2,,113,108