Rk,,Age,G,GS,MP,FG,FGA,FG%,3P,3PA,3P%,2P,2PA,2P%,FT,FTA,FT%,ORB,DRB,TRB,AST,STL,BLK,TOV,PF,PTS,,ORtg,DRtg
1,Larry Bird\birdla01,24,17,,750,9.8,20.9,.470,0.2,0.5,.375,9.6,20.4,.472,5.1,5.7,.894,3.3,12.6,15.9,6.9,2.6,1.1,4.1,3.5,24.9,,109,95
2,Tiny Archibald\architi01,32,17,,630,7.6,16.8,.450,0.0,0.4,.000,7.6,16.4,.461,6.0,7.5,.809,0.5,1.8,2.2,8.5,1.0,0.0,4.0,3.1,21.2,,107,108
3,Cedric Maxwell\maxwece01,25,17,,598,8.5,14.6,.580,0.0,0.0,,8.5,14.6,.580,6.0,7.4,.818,5.1,5.4,10.5,3.9,1.0,1.3,3.6,4.4,23.0,,122,104
4,Chris Ford\fordch01,32,17,,507,6.5,14.4,.452,0.7,2.5,.280,5.8,12.0,.488,1.5,2.5,.600,1.3,3.2,4.4,4.5,1.4,0.1,1.9,4.6,15.2,,105,106
5,Robert Parish\parisro01,27,17,,492,11.0,22.3,.493,0.0,0.0,,11.0,22.3,.493,4.0,5.9,.672,5.1,9.8,14.9,1.9,2.1,4.0,4.5,7.5,26.0,,101,96
6,Kevin McHale\mchalke01,23,17,,296,10.3,19.1,.540,0.0,0.0,,10.3,19.1,.540,3.9,6.1,.639,4.9,5.1,10.0,2.4,0.7,4.2,2.5,8.6,24.6,,115,102
7,M.L. Carr\carrml01,30,17,,288,7.3,17.6,.416,0.0,0.7,.000,7.3,16.9,.433,3.1,4.2,.750,1.4,3.0,4.4,2.4,1.7,1.0,1.4,5.6,17.8,,102,104
8,Rick Robey\robeyri01,25,17,,265,6.6,15.3,.432,0.0,0.0,,6.6,15.3,.432,3.0,6.6,.457,3.6,7.8,11.3,2.3,0.4,0.9,3.6,8.3,16.3,,90,103
9,Gerald Henderson\hendege01,25,16,,228,9.0,18.9,.477,0.0,0.2,.000,9.0,18.7,.482,2.2,2.6,.833,2.2,3.3,5.5,5.7,2.2,0.7,2.6,5.3,20.2,,107,103
10,Eric Fernsten\fernser01,27,8,,14,0.0,10.7,.000,0.0,0.0,,0.0,10.7,.000,7.2,10.7,.667,3.6,10.7,14.3,3.6,3.6,0.0,0.0,10.7,7.2,,82,95
11,Terry Duerod\duerote01,24,10,,12,16.7,41.8,.400,0.0,8.4,.000,16.7,33.4,.500,0.0,0.0,,0.0,0.0,0.0,0.0,4.2,0.0,4.2,0.0,33.4,,78,103