Rk,,Age,G,GS,MP,FG,FGA,FG%,3P,3PA,3P%,2P,2PA,2P%,FT,FTA,FT%,ORB,DRB,TRB,AST,STL,BLK,TOV,PF,PTS,,ORtg,DRtg
1,Larry Bird\birdla01,29,18,18,770,10.8,21.0,.517,1.5,3.5,.411,9.4,17.4,.538,6.4,6.9,.927,2.2,8.5,10.6,9.4,2.3,0.7,3.0,3.5,29.5,,127,103
2,Dennis Johnson\johnsde01,31,18,18,715,7.4,16.7,.445,0.4,1.1,.375,7.0,15.6,.450,4.6,5.7,.798,1.6,3.6,5.2,7.3,2.7,0.3,3.5,4.0,19.9,,106,106
3,Kevin McHale\mchalke01,28,18,18,715,11.5,19.8,.579,0.0,0.1,.000,11.5,19.7,.581,7.6,9.6,.794,3.5,7.1,10.6,3.3,0.5,2.9,3.3,4.4,30.6,,123,105
4,Danny Ainge\aingeda01,26,18,18,652,8.0,14.4,.554,1.0,2.5,.412,7.0,11.9,.585,3.9,4.5,.867,1.6,4.0,5.7,7.0,3.1,0.1,2.3,4.3,21.0,,128,105
5,Robert Parish\parisro01,32,18,18,591,8.7,18.6,.471,0.0,0.0,,8.7,18.6,.471,4.8,7.3,.652,4.3,8.7,13.0,2.1,0.7,2.5,3.6,3.9,22.3,,102,104
6,Bill Walton\waltobi01,33,16,0,291,9.1,15.6,.581,0.0,0.2,.000,9.1,15.4,.587,3.2,3.9,.826,4.2,13.1,17.3,4.5,1.0,2.0,3.7,7.5,21.3,,115,101
7,Jerry Sichting\sichtje01,29,18,0,274,4.8,10.9,.443,0.0,0.2,.000,4.8,10.7,.450,0.5,1.2,.429,0.9,2.0,2.8,7.1,0.9,0.0,1.4,3.2,10.1,,105,111
8,Scott Wedman\wedmasc01,33,12,0,142,6.9,17.5,.392,0.7,1.4,.500,6.2,16.1,.383,1.0,1.4,.750,3.8,3.8,7.6,2.7,3.1,1.0,2.1,4.8,15.5,,96,104
9,Greg Kite\kitegr01,24,13,0,78,4.4,6.3,.700,0.0,0.0,,4.4,6.3,.700,2.5,4.4,.571,3.1,8.8,11.9,1.9,1.3,2.5,1.9,12.5,11.3,,124,102
10,Rick Carlisle\carliri01,26,10,0,54,7.2,13.6,.533,0.0,0.0,,7.2,13.6,.533,2.7,3.6,.750,2.7,1.8,4.5,7.2,1.8,0.0,2.7,8.1,17.2,,116,109
11,David Thirdkill\thirdda01,25,13,0,47,6.2,18.7,.333,0.0,1.0,.000,6.2,17.6,.353,5.2,11.4,.455,1.0,7.3,8.3,3.1,2.1,0.0,3.1,5.2,17.6,,79,104
12,Sam Vincent\vincesa01,22,9,0,41,9.5,33.3,.286,0.0,1.2,.000,9.5,32.1,.296,7.1,7.1,1.000,1.2,7.1,8.3,5.9,2.4,0.0,4.8,10.7,26.2,,80,104