Rk,,Age,G,GS,MP,FG,FGA,FG%,3P,3PA,3P%,2P,2PA,2P%,FT,FTA,FT%,ORB,DRB,TRB,AST,STL,BLK,TOV,PF,PTS,,ORtg,DRtg
1,Larry Bird\birdla01,27,23,,961,11.7,22.3,.524,0.4,0.9,.412,11.3,21.4,.529,8.5,9.7,.879,3.2,9.7,12.8,6.9,2.8,1.4,4.4,3.6,32.2,,120,103
2,Robert Parish\parisro01,30,23,,869,7.8,16.4,.478,0.0,0.0,,7.8,16.4,.478,3.6,5.6,.646,4.3,9.7,14.0,1.5,1.3,2.3,2.5,5.6,19.3,,107,105
3,Dennis Johnson\johnsde01,29,22,,808,7.8,19.3,.404,0.2,0.4,.429,7.6,18.9,.404,6.3,7.3,.867,1.8,3.0,4.8,5.9,1.5,0.4,3.2,4.5,22.1,,106,110
4,Cedric Maxwell\maxwece01,28,23,,752,5.5,10.9,.503,0.0,0.1,.000,5.5,10.8,.506,6.9,8.9,.779,3.4,4.4,7.7,3.6,1.4,0.5,3.0,5.0,17.8,,118,110
5,Kevin McHale\mchalke01,26,23,,702,8.6,17.0,.504,0.0,0.2,.000,8.6,16.8,.510,6.6,8.4,.777,4.3,5.6,10.0,1.9,0.2,2.4,2.7,5.2,23.7,,118,109
6,Gerald Henderson\hendege01,28,23,,616,9.1,18.8,.485,0.2,0.9,.273,8.9,18.0,.496,4.3,6.0,.720,1.8,2.3,4.1,7.7,2.7,0.1,3.3,6.2,22.8,,111,109
7,Quinn Buckner\bucknqu01,29,23,,268,5.8,14.4,.405,0.0,0.2,.000,5.8,14.3,.410,2.2,4.0,.545,2.2,4.2,6.4,5.1,2.4,0.0,3.3,9.5,13.9,,91,108
8,Danny Ainge\aingeda01,24,19,,253,7.9,17.4,.456,0.4,1.7,.222,7.5,15.7,.481,1.4,1.9,.700,0.8,2.3,3.1,7.4,1.7,0.4,2.5,7.0,17.6,,105,110
9,Scott Wedman\wedmasc01,31,17,,226,8.7,20.8,.417,0.9,1.5,.571,7.8,19.3,.404,1.1,2.2,.500,5.2,5.0,10.2,3.7,1.3,0.0,2.8,4.1,19.3,,99,110
10,M.L. Carr\carrml01,33,16,,82,7.8,19.1,.406,1.2,3.6,.333,6.6,15.5,.423,6.0,6.6,.909,3.0,1.8,4.8,2.4,4.2,0.0,1.8,7.8,22.7,,115,106
11,Greg Kite\kitegr01,22,11,,38,1.3,10.3,.125,0.0,0.0,,1.3,10.3,.125,6.4,7.7,.833,6.4,5.2,11.6,3.9,0.0,1.3,3.9,11.6,9.0,,85,111
12,Carlos Clark\clarkca01,23,8,,20,9.8,24.5,.400,0.0,0.0,,9.8,24.5,.400,2.4,4.9,.500,2.4,0.0,2.4,2.4,2.4,4.9,2.4,7.3,22.0,,91,106