Rk,,Age,G,MP,PER,TS%,3PAr,FTr,ORB%,DRB%,TRB%,AST%,STL%,BLK%,TOV%,USG%,,OWS,DWS,WS,WS/48,,OBPM,DBPM,BPM,VORP
1,Paul Pierce\piercpa01,30,26,990,17.4,.570,.322,.478,2.7,13.5,8.2,22.5,1.6,0.7,15.5,25.8,,1.6,1.3,3.0,.145,,3.4,0.4,3.9,1.5
2,Ray Allen\allenra02,32,26,987,14.9,.576,.447,.296,3.2,9.2,6.2,12.7,1.4,0.7,9.8,19.0,,2.0,1.1,3.1,.152,,3.4,0.1,3.5,1.4
3,Kevin Garnett\garneke01,31,26,987,23.0,.542,.018,.265,9.3,25.3,17.5,18.4,2.0,2.5,10.1,26.6,,2.1,2.0,4.1,.199,,2.9,3.5,6.4,2.1
4,Rajon Rondo\rondora01,21,26,831,15.8,.454,.076,.259,6.0,10.1,8.1,36.3,3.0,0.8,13.8,19.7,,0.7,1.3,2.1,.121,,1.3,1.9,3.2,1.1
5,Kendrick Perkins\perkike01,23,25,631,13.1,.621,.009,.557,10.5,19.8,15.2,3.4,1.3,4.4,19.0,12.4,,0.7,1.2,1.9,.145,,-1.0,3.2,2.2,0.7
6,James Posey\poseyja01,31,26,573,14.2,.637,.739,.336,2.7,17.5,10.2,8.0,2.5,1.2,9.3,12.7,,1.2,1.0,2.2,.186,,2.8,2.0,4.8,1.0
7,P.J. Brown\brownpj01,38,25,341,8.2,.545,.018,.446,6.7,14.9,10.9,5.6,0.8,2.5,15.2,11.2,,0.3,0.5,0.7,.105,,-2.5,1.7,-0.8,0.1
8,Leon Powe\powele01,24,23,270,14.6,.568,.000,.904,15.1,13.8,14.4,2.6,0.0,1.0,10.5,20.4,,0.6,0.3,0.9,.162,,-0.4,-3.2,-3.5,-0.1
9,Sam Cassell\cassesa01,38,21,264,6.2,.397,.252,.153,1.0,6.1,3.6,16.9,1.7,0.3,9.2,23.8,,-0.4,0.3,-0.1,-0.022,,-4.1,-2.4,-6.5,-0.3
10,Eddie House\houseed01,29,21,165,10.6,.437,.554,.143,1.5,15.0,8.4,18.3,1.7,0.5,6.3,18.5,,0.1,0.2,0.3,.086,,-0.5,-0.6,-1.1,0.0
11,Glen Davis\davisgl01,22,17,137,8.4,.465,.029,.529,11.2,11.7,11.5,8.6,2.0,2.5,19.3,18.3,,-0.1,0.2,0.1,.046,,-3.3,1.6,-1.8,0.0
12,Tony Allen\allento01,26,15,65,10.8,.549,.063,.313,2.0,3.8,2.9,8.2,1.7,0.0,5.2,14.2,,0.1,0.1,0.1,.100,,-1.4,-1.4,-2.8,0.0