Rk,,Age,G,MP,PER,TS%,3PAr,FTr,ORB%,DRB%,TRB%,AST%,STL%,BLK%,TOV%,USG%,,OWS,DWS,WS,WS/48,,OBPM,DBPM,BPM,VORP
1,Michael Jordan\jordami01,33,19,804,27.1,.524,.135,.297,5.9,16.4,10.9,25.7,2.1,1.9,8.0,35.5,,2.5,1.5,3.9,.235,,6.8,1.9,8.7,2.2
2,Scottie Pippen\pippesc01,31,19,753,18.1,.526,.366,.278,5.4,15.0,10.0,17.3,2.1,2.2,13.7,24.9,,0.9,1.4,2.3,.145,,3.0,2.2,5.2,1.4
3,Dennis Rodman\rodmade01,35,19,535,7.9,.427,.198,.321,12.4,23.0,17.5,7.6,1.0,0.7,23.2,10.5,,-0.1,1.0,0.8,.074,,-2.4,2.6,0.3,0.3
4,Ron Harper\harpero01,33,19,515,15.7,.517,.488,.224,4.4,14.4,9.2,17.7,2.6,2.5,7.4,13.4,,1.0,1.0,2.0,.183,,2.2,3.5,5.7,1.0
5,Luc Longley\longllu01,28,19,432,12.3,.537,.000,.250,10.1,12.7,11.4,13.7,0.9,3.4,19.5,15.5,,0.2,0.7,0.9,.098,,-0.7,2.9,2.2,0.5
6,Toni Kukoc\kukocto01,28,19,423,14.6,.498,.424,.464,3.5,11.8,7.5,20.7,1.7,0.9,10.1,18.5,,0.7,0.6,1.3,.146,,1.5,0.4,2.0,0.4
7,Steve Kerr\kerrst01,31,19,341,11.8,.571,.545,.182,1.3,5.0,3.1,9.4,2.8,0.5,8.8,12.5,,0.5,0.5,1.0,.144,,1.1,0.8,1.9,0.3
8,Bison Dele\delebi01,27,19,336,13.8,.493,.000,.298,10.4,14.5,12.3,5.7,3.2,2.2,10.6,18.3,,0.2,0.7,0.9,.132,,-1.1,2.6,1.5,0.3
9,Jason Caffey\caffeja01,23,17,167,12.5,.523,.000,.424,16.8,12.4,14.7,14.2,1.0,1.6,23.5,14.3,,0.2,0.2,0.4,.117,,-0.1,1.8,1.7,0.2
10,Jud Buechler\buechju01,28,18,138,10.5,.497,.387,.161,7.3,12.4,9.7,5.8,1.2,0.7,2.9,11.6,,0.2,0.2,0.4,.135,,-0.4,0.1,-0.2,0.1
11,Randy Brown\brownra02,28,17,98,4.4,.326,.000,.167,3.4,8.7,6.0,9.7,4.6,1.9,11.0,17.2,,-0.2,0.2,0.0,.007,,-6.0,3.4,-2.6,0.0
12,Robert Parish\parisro01,43,2,18,2.6,.143,.000,.000,12.5,13.5,13.0,0.0,0.0,15.2,0.0,18.2,,-0.1,0.0,0.0,-0.100,,-13.0,3.2,-9.8,0.0
