Rk,,Age,G,GS,MP,FG,FGA,FG%,3P,3PA,3P%,2P,2PA,2P%,FT,FTA,FT%,ORB,DRB,TRB,AST,STL,BLK,TOV,PF,PTS,,ORtg,DRtg
1,Scottie Pippen\pippesc01,30,18,18,742,8.3,21.4,.390,2.2,7.8,.286,6.1,13.6,.451,3.8,6.0,.638,4.6,6.8,11.4,8.0,3.5,1.2,3.1,3.8,22.7,,111,96
2,Michael Jordan\jordami01,32,18,18,733,14.1,30.7,.459,1.9,4.7,.403,12.2,26.0,.470,11.5,14.1,.818,2.3,4.4,6.7,5.6,2.5,0.5,3.2,3.7,41.6,,123,101
3,Dennis Rodman\rodmade01,34,18,15,620,4.5,9.2,.485,0.0,0.0,,4.5,9.2,.485,3.1,5.3,.593,8.7,13.3,22.0,3.3,1.2,0.7,3.7,6.8,12.0,,108,97
4,Ron Harper\harpero01,32,18,16,494,6.4,15.0,.425,1.7,5.3,.319,4.7,9.7,.483,3.2,4.7,.690,2.9,4.6,7.5,5.0,2.8,0.8,2.0,4.3,17.7,,116,99
5,Toni Kukoc\kukocto01,27,15,5,439,7.4,19.0,.391,1.6,8.6,.191,5.8,10.5,.554,3.9,4.7,.838,2.4,5.5,7.9,7.3,1.8,0.5,3.3,4.2,20.4,,108,101
6,Luc Longley\longllu01,27,18,18,439,7.7,16.4,.469,0.0,0.0,,7.7,16.4,.469,3.5,4.7,.757,4.3,6.0,10.3,3.5,0.9,3.1,4.8,10.5,18.9,,98,100
7,Steve Kerr\kerrst01,30,18,0,357,6.0,13.5,.448,2.6,8.2,.321,3.4,5.3,.647,4.2,4.8,.871,0.5,2.3,2.8,4.8,2.2,0.0,2.0,3.3,18.9,,126,103
8,Bill Wennington\wennibi01,32,18,0,169,8.5,16.4,.520,0.0,0.3,.000,8.5,16.0,.531,0.7,1.3,.500,3.6,6.2,9.8,2.9,1.3,0.3,1.6,9.8,17.7,,113,102
9,Jud Buechler\buechju01,27,17,0,127,7.8,16.5,.474,3.5,9.1,.381,4.4,7.4,.588,0.9,1.7,.500,0.9,3.5,4.4,2.6,3.0,0.0,3.5,5.7,20.0,,105,100
10,Randy Brown\brownra02,27,16,0,112,7.9,13.8,.571,1.5,3.0,.500,6.4,10.9,.591,4.4,5.9,.750,1.5,3.5,4.9,3.5,2.5,0.5,3.5,8.9,21.7,,119,101
11,John Salley\sallejo01,31,16,0,85,3.9,7.2,.545,0.0,0.0,,3.9,7.2,.545,1.3,4.6,.286,2.6,4.6,7.2,3.9,0.7,1.3,2.6,16.3,9.1,,97,103
12,James Edwards\edwarja01,40,6,0,28,7.9,17.8,.444,0.0,0.0,,7.9,17.8,.444,5.9,7.9,.750,0.0,7.9,7.9,0.0,0.0,0.0,2.0,19.7,21.7,,105,103