Rk,,Age,G,MP,PER,TS%,3PAr,FTr,ORB%,DRB%,TRB%,AST%,STL%,BLK%,TOV%,USG%,,OWS,DWS,WS,WS/48,,OBPM,DBPM,BPM,VORP
1,Scottie Pippen\pippesc01,27,19,789,16.9,.504,.052,.355,5.8,14.6,10.2,21.8,2.8,1.2,15.8,26.2,,0.3,1.1,1.4,.083,,0.1,2.9,3.0,1.0
2,Michael Jordan\jordami01,29,19,783,30.1,.553,.136,.320,5.0,14.9,10.0,29.4,2.7,1.6,7.0,38.0,,3.3,1.1,4.4,.270,,9.0,1.9,10.9,2.5
3,Horace Grant\grantho01,27,19,651,17.0,.577,.000,.355,11.5,17.8,14.6,9.8,1.9,2.5,8.8,13.6,,1.6,0.9,2.4,.180,,1.8,3.8,5.7,1.2
4,B.J. Armstrong\armstbj01,25,19,643,13.2,.611,.244,.131,1.1,4.2,2.7,14.2,1.6,0.2,7.3,13.7,,1.5,0.4,1.8,.137,,1.7,-0.2,1.5,0.6
5,Bill Cartwright\cartwbi01,35,19,444,11.5,.522,.000,.364,7.7,15.6,11.7,9.2,1.3,0.5,10.2,13.2,,0.6,0.4,1.0,.113,,-1.2,1.6,0.4,0.3
6,Scott Williams\willisc01,24,19,395,12.2,.521,.023,.333,12.4,21.9,17.2,9.3,1.0,3.1,19.4,14.4,,0.2,0.5,0.8,.091,,-2.0,3.1,1.1,0.3
7,John Paxson\paxsojo01,32,19,331,12.6,.717,.400,.183,1.9,5.1,3.5,13.6,1.0,0.2,5.8,9.6,,1.0,0.2,1.1,.160,,2.0,-0.8,1.2,0.3
8,Stacey King\kingst01,26,19,229,11.0,.483,.000,.470,10.7,10.6,10.7,8.7,2.1,1.3,15.0,18.8,,0.1,0.2,0.4,.074,,-2.5,1.1,-1.4,0.0
9,Trent Tucker\tucketr01,33,19,208,9.8,.545,.565,.130,2.4,7.6,5.0,12.6,1.8,0.0,12.6,12.3,,0.2,0.2,0.4,.084,,-0.5,-0.2,-0.7,0.1
10,Will Perdue\perduwi01,27,13,101,9.5,.512,.000,.500,18.2,18.1,18.2,6.9,0.5,1.4,24.7,14.8,,0.0,0.1,0.1,.055,,-2.6,0.6,-2.1,0.0
11,Rodney McCray\mccraro01,31,7,39,2.4,.167,.000,.000,6.3,34.3,20.4,16.2,0.0,1.8,40.0,11.8,,-0.1,0.1,-0.1,-0.100,,-10.9,3.4,-7.5,-0.1
12,Darrell Walker\walkeda01,31,9,22,8.1,.376,.000,.750,0.0,5.5,2.8,29.5,0.0,0.0,15.8,13.2,,0.0,0.0,0.0,.009,,-6.3,-4.1,-10.4,0.0