Rk,,Age,G,GS,MP,FG,FGA,FG%,3P,3PA,3P%,2P,2PA,2P%,FT,FTA,FT%,ORB,DRB,TRB,AST,STL,BLK,TOV,PF,PTS,,ORtg,DRtg
1,Michael Jordan\jordami01,28,22,22,920,17.0,34.1,.499,1.0,2.6,.386,16.0,31.5,.508,9.5,11.1,.857,2.2,5.9,8.0,7.4,2.6,0.9,4.7,3.6,44.5,,115,104
2,Scottie Pippen\pippesc01,26,22,22,899,9.1,19.5,.468,0.4,1.4,.250,8.8,18.1,.485,7.1,9.3,.761,3.5,8.0,11.6,8.8,2.5,1.5,4.2,4.3,25.7,,112,102
3,Horace Grant\grantho01,26,22,22,856,6.2,11.5,.541,0.0,0.1,.000,6.2,11.4,.547,3.2,4.8,.671,4.8,7.4,12.2,4.2,1.5,2.5,1.3,4.3,15.7,,127,104
4,Bill Cartwright\cartwbi01,34,22,22,612,4.8,10.2,.474,0.0,0.0,,4.8,10.2,.474,1.1,2.7,.419,2.6,6.1,8.6,3.3,1.0,0.4,2.4,6.2,10.8,,97,108
5,John Paxson\paxsojo01,31,22,22,598,6.6,12.5,.525,1.1,2.4,.444,5.5,10.1,.545,1.4,1.7,.842,0.0,2.0,2.0,5.5,1.3,0.1,1.2,4.8,15.7,,124,111
6,B.J. Armstrong\armstbj01,24,22,0,434,7.8,17.3,.453,0.6,2.1,.294,7.2,15.2,.475,3.7,4.7,.789,0.2,2.7,3.0,5.8,1.7,0.0,2.2,4.1,20.0,,108,109
7,Scott Williams\willisc01,23,22,0,321,5.7,11.8,.486,0.0,0.2,.000,5.7,11.6,.493,3.4,4.7,.714,5.5,10.4,16.0,1.2,1.0,3.0,2.5,10.9,14.8,,109,102
8,Cliff Levingston\levincl01,31,22,0,191,7.1,16.1,.439,0.0,0.3,.000,7.1,15.8,.446,4.0,7.9,.500,4.8,6.8,11.6,2.5,1.1,1.7,3.1,8.8,18.1,,97,106
9,Will Perdue\perduwi01,26,18,0,157,6.2,12.7,.486,0.0,0.3,.000,6.2,12.4,.500,3.1,6.9,.450,6.2,7.6,13.7,3.1,1.0,3.4,4.1,11.7,15.5,,97,104
10,Craig Hodges\hodgecr01,31,17,0,137,6.3,16.1,.390,3.5,7.9,.450,2.8,8.3,.333,0.4,0.8,.500,1.2,0.4,1.6,2.0,2.0,0.0,3.1,3.9,16.5,,93,111
11,Stacey King\kingst01,25,14,0,111,8.7,19.4,.450,1.0,1.0,1.000,7.8,18.5,.421,7.3,11.2,.652,3.4,6.3,9.7,2.4,2.4,1.0,4.9,5.8,25.7,,99,104
12,Bob Hansen\hansebo01,31,9,0,69,7.0,17.2,.409,2.3,4.7,.500,4.7,12.5,.375,0.8,2.3,.333,3.1,3.9,7.0,7.8,0.8,0.0,1.6,7.8,17.2,,112,110