Rk,,Age,G,GS,MP,FG,FGA,FG%,3P,3PA,3P%,2P,2PA,2P%,FT,FTA,FT%,ORB,DRB,TRB,AST,STL,BLK,TOV,PF,PTS,,ORtg,DRtg
1,LeBron James\jamesle01,31,21,21,822,14.1,26.9,.525,2.1,6.1,.340,12.0,20.8,.579,5.3,8.0,.661,2.7,10.2,12.9,10.3,3.2,1.7,4.8,3.5,35.6,,118,100
2,Kyrie Irving\irvinky01,23,21,21,774,13.7,28.9,.475,3.5,7.9,.440,10.3,21.0,.489,5.3,6.0,.875,1.0,3.2,4.2,6.7,2.5,0.9,3.3,3.1,36.3,,117,107
3,J.R. Smith\smithjr01,30,21,21,730,5.9,13.6,.436,4.7,11.0,.430,1.2,2.7,.459,0.9,1.5,.619,0.5,4.4,4.9,2.1,1.9,0.4,0.8,4.0,17.6,,125,108
4,Tristan Thompson\thomptr01,24,21,21,622,4.2,7.9,.527,0.0,0.0,,4.2,7.9,.527,3.6,6.2,.575,7.3,8.7,16.0,1.3,0.7,1.5,1.4,4.7,11.9,,128,107
5,Kevin Love\loveke01,27,20,19,613,7.9,20.6,.385,4.0,9.6,.414,4.0,11.1,.359,5.4,6.5,.840,2.9,12.2,15.1,3.6,0.8,0.7,2.3,2.9,25.3,,114,106
6,Richard Jefferson\jefferi01,35,21,2,381,6.1,11.7,.524,1.5,3.9,.393,4.6,7.8,.589,2.1,2.8,.750,2.2,8.1,10.3,1.9,1.4,0.1,1.8,4.7,15.8,,120,107
7,Iman Shumpert\shumpim01,25,21,0,367,3.6,8.7,.417,1.9,4.9,.382,1.7,3.8,.462,1.0,1.6,.636,1.4,5.3,6.8,2.5,1.4,0.4,1.9,5.2,10.1,,106,108
8,Matthew Dellavedova\dellama01,25,20,0,241,5.7,16.3,.351,1.8,6.8,.258,4.0,9.4,.419,4.0,5.3,.750,0.9,2.4,3.3,12.3,0.2,0.2,3.1,6.8,17.1,,110,113
9,Channing Frye\fryech01,32,17,0,237,9.2,15.4,.594,5.8,10.3,.565,3.4,5.1,.652,1.3,1.6,.857,1.1,8.0,9.2,1.1,1.3,2.0,1.1,8.3,25.5,,147,105
10,Timofey Mozgov\mozgoti01,29,13,0,76,4.2,10.4,.400,0.0,0.0,,4.2,10.4,.400,2.1,2.8,.750,3.5,11.1,14.6,1.4,2.1,2.1,5.6,11.1,10.4,,76,101
11,Mo Williams\willima01,33,13,0,68,6.2,21.8,.286,2.3,10.1,.231,3.9,11.7,.333,0.8,1.6,.500,0.0,4.7,4.7,2.3,3.1,0.0,7.8,6.2,15.6,,57,106
12,James Jones\jonesja02,35,12,0,55,1.9,9.6,.200,1.0,6.7,.143,1.0,2.9,.333,1.0,3.9,.250,1.0,2.9,3.9,2.9,0.0,0.0,1.0,2.9,5.8,,70,114
13,Dahntay Jones\jonesda02,35,15,0,50,6.4,13.8,.462,1.1,3.2,.333,5.3,10.6,.500,4.2,5.3,.800,0.0,7.4,7.4,2.1,1.1,1.1,1.1,3.2,18.0,,116,107
14,Jordan McRae\mcraejo01,24,2,0,4,52.9,52.9,1.000,13.2,13.2,1.000,39.7,39.7,1.000,0.0,0.0,,0.0,26.5,26.5,0.0,0.0,0.0,0.0,0.0,119.1,,225,101
