Rk,,Age,G,MP,PER,TS%,3PAr,FTr,ORB%,DRB%,TRB%,AST%,STL%,BLK%,TOV%,USG%,,OWS,DWS,WS,WS/48,,OBPM,DBPM,BPM,VORP
1,LeBron James\jamesle01,31,21,822,30.0,.585,.225,.297,6.1,22.4,14.4,36.6,3.2,3.2,13.7,30.7,,3.2,1.5,4.7,.274,,7.3,5.8,13.1,3.1
2,Kyrie Irving\irvinky01,23,21,774,24.4,.574,.274,.208,2.3,7.1,4.7,23.5,2.5,1.6,9.4,30.4,,2.6,0.8,3.4,.210,,4.7,0.1,4.8,1.3
3,J.R. Smith\smithjr01,30,21,730,12.5,.613,.803,.112,1.1,9.6,5.4,5.8,1.9,0.7,5.3,13.2,,1.4,0.6,2.1,.135,,3.2,1.1,4.3,1.2
4,Tristan Thompson\thomptr01,24,21,622,14.2,.559,.000,.785,16.6,19.1,17.8,3.4,0.7,2.8,12.0,10.6,,1.4,0.6,2.0,.155,,0.4,2.3,2.6,0.7
5,Kevin Love\loveke01,27,20,613,17.9,.539,.464,.314,6.6,26.8,16.9,10.6,0.8,1.3,9.0,22.5,,1.3,0.7,2.0,.157,,1.1,0.6,1.7,0.6
6,Richard Jefferson\jefferi01,35,21,381,12.5,.614,.333,.238,5.0,17.7,11.5,5.4,1.4,0.3,12.3,12.8,,0.6,0.4,1.0,.124,,-0.2,0.8,0.6,0.3
7,Iman Shumpert\shumpim01,25,21,367,7.1,.540,.567,.183,3.3,11.7,7.6,6.3,1.4,0.8,16.7,9.8,,0.2,0.3,0.5,.062,,-1.4,1.5,0.2,0.2
8,Matthew Dellavedova\dellama01,25,20,241,10.8,.461,.419,.324,2.0,5.3,3.7,33.6,0.2,0.4,14.2,18.9,,0.4,0.1,0.4,.083,,-1.3,-3.8,-5.2,-0.2
9,Channing Frye\fryech01,32,17,237,20.5,.791,.667,.101,2.5,17.7,10.2,3.4,1.3,3.7,6.5,15.0,,0.9,0.3,1.2,.247,,4.7,0.8,5.5,0.5
10,Timofey Mozgov\mozgoti01,29,13,76,4.7,.447,.000,.267,7.9,24.5,16.3,3.7,2.1,3.8,32.3,15.1,,-0.2,0.1,0.0,-0.023,,-8.0,3.4,-4.6,-0.1
11,Mo Williams\willima01,33,13,68,-3.3,.346,.464,.071,0.0,10.3,5.2,6.5,3.1,0.0,25.7,26.4,,-0.4,0.1,-0.3,-0.245,,-11.2,-0.7,-11.9,-0.2
12,James Jones\jonesja02,35,12,55,-0.7,.255,.700,.400,2.2,6.3,4.3,7.2,0.0,0.0,7.8,10.7,,-0.1,0.0,-0.1,-0.079,,-5.5,-1.5,-7.0,-0.1
13,Dahntay Jones\jonesda02,35,15,50,12.6,.559,.231,.385,0.0,16.3,8.3,5.9,1.1,1.9,6.2,15.0,,0.1,0.0,0.1,.116,,-2.7,0.2,-2.5,0.0
14,Jordan McRae\mcraejo01,24,2,4,110.5,1.125,.250,.000,0.0,58.2,29.5,0.0,0.0,0.0,0.0,46.2,,0.2,0.0,0.2,1.896,,31.5,-14.9,16.5,0.0