Rk,,Age,G,GS,MP,FG,FGA,FG%,3P,3PA,3P%,2P,2PA,2P%,FT,FTA,FT%,ORB,DRB,TRB,AST,STL,BLK,TOV,PF,PTS,,ORtg,DRtg
1,Dirk Nowitzki\nowitdi01,32,21,21,826,12.9,26.6,.485,1.5,3.4,.460,11.3,23.2,.488,11.7,12.5,.941,0.8,10.7,11.5,3.6,0.8,0.9,4.4,3.1,39.1,,115,105
2,Jason Kidd\kiddja01,37,21,21,744,4.8,12.0,.398,3.2,8.6,.374,1.6,3.4,.457,1.8,2.2,.800,0.8,6.3,7.1,11.4,3.0,0.7,4.2,2.7,14.5,,110,104
3,Shawn Marion\mariosh01,32,21,21,690,8.4,18.1,.467,0.0,0.4,.000,8.4,17.7,.477,3.2,3.8,.851,3.7,7.0,10.7,3.6,1.7,1.5,2.9,4.3,20.1,,105,105
4,Jason Terry\terryja01,33,21,0,684,10.4,21.7,.478,3.4,7.7,.442,7.0,14.0,.497,5.7,6.7,.843,0.5,2.8,3.2,5.4,2.1,0.2,2.6,3.6,29.8,,119,109
5,Tyson Chandler\chandty01,28,21,21,680,4.6,8.0,.582,0.0,0.0,,4.6,8.0,.582,4.3,6.4,.679,6.4,9.3,15.7,0.7,1.1,1.5,1.1,6.3,13.6,,137,105
6,J.J. Barea\bareajo01,26,21,3,390,10.2,24.4,.419,2.3,7.1,.320,8.0,17.3,.459,3.8,4.8,.794,1.1,4.4,5.5,10.1,0.9,0.0,3.3,4.0,26.6,,107,111
7,Peja Stojakovic\stojape01,33,19,0,350,7.8,19.0,.408,4.6,12.2,.377,3.2,6.8,.465,1.1,1.4,.778,0.5,4.6,5.1,1.1,1.9,0.3,1.4,3.3,21.2,,105,108
8,DeShawn Stevenson\stevede01,29,21,18,332,4.8,13.9,.349,4.5,11.4,.397,0.3,2.5,.133,1.5,2.0,.750,0.2,3.0,3.2,2.0,1.8,0.3,1.7,6.7,15.7,,103,109
9,Brendan Haywood\haywobr01,31,18,0,275,3.6,6.2,.581,0.0,0.0,,3.6,6.2,.581,4.0,8.7,.465,6.9,7.9,14.7,0.8,0.4,3.6,2.6,9.7,11.3,,112,105
10,Brian Cardinal\cardibr01,33,9,0,37,4.5,6.0,.750,4.5,6.0,.750,0.0,0.0,,1.5,3.0,.500,0.0,4.5,4.5,3.0,1.5,0.0,4.5,12.0,15.0,,112,109
11,Ian Mahinmi\mahinia01,24,6,0,33,5.0,8.4,.600,0.0,0.0,,5.0,8.4,.600,8.4,15.1,.556,5.0,5.0,10.1,0.0,1.7,0.0,0.0,26.9,18.5,,140,107
12,Corey Brewer\breweco01,24,6,0,23,9.6,21.7,.444,2.4,7.2,.333,7.2,14.5,.500,0.0,0.0,,0.0,4.8,4.8,2.4,9.6,0.0,4.8,12.0,21.7,,83,91
