Rk,,Age,G,GS,MP,FG,FGA,FG%,3P,3PA,3P%,2P,2PA,2P%,FT,FTA,FT%,ORB,DRB,TRB,AST,STL,BLK,TOV,PF,PTS,,ORtg,DRtg
1,Isiah Thomas\thomais01,27,17,17,633,9.8,23.8,.412,0.7,2.6,.267,9.1,21.2,.430,6.1,8.2,.740,2.0,4.2,6.2,12.0,2.3,0.3,3.7,3.3,26.4,,108,104
2,Joe Dumars\dumarjo01,25,17,17,620,9.2,20.3,.455,0.1,1.0,.083,9.1,19.3,.475,7.6,8.8,.861,1.0,2.9,3.8,8.4,1.0,0.1,2.7,2.7,26.1,,117,108
3,Bill Laimbeer\laimbbi01,31,17,17,497,7.2,15.4,.465,1.6,4.6,.357,5.5,10.9,.510,2.7,3.4,.806,2.8,12.4,15.2,3.4,0.7,0.9,2.1,6.0,18.7,,115,102
4,Mark Aguirre\aguirma01,29,17,17,462,10.4,21.3,.489,0.9,3.4,.276,9.5,17.9,.529,3.3,4.4,.737,3.0,5.7,8.8,3.3,0.9,0.4,2.3,4.4,25.0,,112,106
5,Dennis Rodman\rodmade01,27,17,0,409,4.9,9.2,.529,0.0,0.5,.000,4.9,8.7,.561,3.2,4.6,.686,7.4,15.1,22.4,2.1,0.8,1.6,3.2,7.7,12.9,,113,99
6,John Salley\sallejo01,24,17,0,392,8.0,13.6,.586,0.0,0.0,,8.0,13.6,.586,5.0,7.4,.667,4.7,6.2,10.9,1.2,1.2,3.4,1.7,8.0,20.9,,127,102
7,Vinnie Johnson\johnsvi01,32,17,0,372,13.2,29.0,.455,1.5,3.5,.417,11.8,25.6,.460,6.8,9.0,.758,2.3,4.2,6.5,6.2,0.6,0.4,3.0,4.6,34.7,,112,108
8,Rick Mahorn\mahorri01,30,17,17,360,6.0,10.4,.580,0.0,0.0,,6.0,10.4,.580,2.6,3.9,.654,4.5,8.6,13.1,1.1,1.4,2.0,1.7,8.9,14.6,,122,102
9,James Edwards\edwarja01,33,17,0,317,6.8,14.5,.471,0.0,0.2,.000,6.8,14.3,.476,6.8,8.7,.784,1.9,4.3,6.1,2.0,0.2,1.4,2.6,9.0,20.4,,111,107
10,John Long\longjo01,32,4,0,8,6.8,6.8,1.000,0.0,0.0,,6.8,6.8,1.000,20.3,20.3,1.000,0.0,0.0,0.0,0.0,0.0,0.0,0.0,0.0,33.8,,233,112
11,Micheal Williams\willimi02,22,4,0,6,0.0,0.0,,0.0,0.0,,0.0,0.0,,18.0,18.0,1.000,9.0,9.0,18.0,18.0,9.0,0.0,0.0,9.0,18.0,,228,88
12,Fennis Dembo\dembofe01,23,2,0,4,13.5,13.5,1.000,0.0,0.0,,13.5,13.5,1.000,0.0,0.0,,0.0,0.0,0.0,0.0,0.0,0.0,13.5,13.5,27.0,,68,112
