Rk,,Age,G,GS,MP,FG,FGA,FG%,3P,3PA,3P%,2P,2PA,2P%,FT,FTA,FT%,ORB,DRB,TRB,AST,STL,BLK,TOV,PF,PTS,,ORtg,DRtg
1,Isiah Thomas\thomais01,28,20,20,758,10.2,22.0,.463,2.2,4.7,.471,8.0,17.3,.460,5.6,7.0,.794,1.4,6.0,7.5,11.2,3.0,0.5,4.9,4.5,28.1,,113,100
2,Joe Dumars\dumarjo01,26,20,20,754,9.0,19.6,.458,0.3,1.3,.263,8.6,18.3,.472,6.8,7.8,.876,1.2,1.8,3.0,6.6,1.5,0.0,3.7,2.6,25.1,,111,107
3,Bill Laimbeer\laimbbi01,32,20,20,667,7.1,15.5,.457,1.2,3.4,.349,5.9,12.2,.487,2.0,2.3,.862,3.2,13.3,16.5,2.2,1.8,1.4,1.2,6.0,17.3,,116,96
4,Dennis Rodman\rodmade01,28,19,17,560,5.0,8.8,.568,0.0,0.0,,5.0,8.8,.568,1.7,3.3,.514,5.1,9.8,15.0,1.6,0.8,1.2,2.9,5.8,11.7,,106,101
5,John Salley\sallejo01,25,20,0,547,5.5,11.6,.475,0.0,0.0,,5.5,11.6,.475,7.0,9.3,.755,5.4,5.7,11.1,1.9,0.9,3.1,2.1,7.2,18.1,,122,102
6,James Edwards\edwarja01,34,20,20,536,11.1,22.4,.494,0.0,0.1,.000,11.1,22.3,.496,5.6,9.3,.604,2.3,4.6,6.9,1.3,0.5,1.1,3.0,7.2,27.8,,104,106
7,Vinnie Johnson\johnsvi01,33,20,0,463,9.6,20.7,.462,0.2,0.8,.286,9.3,19.9,.469,3.8,4.8,.791,3.1,3.1,6.3,6.1,0.9,0.4,3.5,4.3,23.2,,107,106
8,Mark Aguirre\aguirma01,30,20,3,439,10.2,21.8,.467,0.9,2.8,.333,9.2,19.0,.488,4.6,6.2,.750,3.7,7.1,10.8,3.2,1.2,0.4,3.6,6.0,26.0,,107,103
9,Dave Greenwood\greenda01,32,5,0,47,2.2,4.4,.500,0.0,0.0,,2.2,4.4,.500,1.1,4.4,.250,2.2,7.8,10.0,0.0,2.2,0.0,2.2,12.2,5.5,,75,100
10,William Bedford\bedfowi01,26,5,0,19,2.7,16.4,.167,0.0,0.0,,2.7,16.4,.167,5.5,5.5,1.000,0.0,5.5,5.5,0.0,0.0,2.7,0.0,11.0,11.0,,75,104
11,Gerald Henderson\hendege01,34,8,0,19,2.7,13.7,.200,0.0,8.2,.000,2.7,5.5,.500,0.0,0.0,,5.5,2.7,8.2,11.0,5.5,0.0,2.7,8.2,5.5,,82,97
12,Scott Hastings\hastisc01,29,5,0,16,3.3,13.0,.250,0.0,9.8,.000,3.3,3.3,1.000,0.0,0.0,,0.0,0.0,0.0,0.0,3.3,0.0,0.0,13.0,6.5,,62,104