Rk,,Age,G,GS,MP,FG,FGA,FG%,3P,3PA,3P%,2P,2PA,2P%,FT,FTA,FT%,ORB,DRB,TRB,AST,STL,BLK,TOV,PF,PTS,,ORtg,DRtg
1,Stephen Curry\curryst01,28,17,17,601,12.0,24.8,.484,5.7,13.7,.419,6.3,11.1,.564,8.2,9.1,.904,1.8,6.7,8.4,9.1,2.7,0.3,4.6,2.9,38.0,,125,105
2,Klay Thompson\thompkl01,26,17,17,596,7.5,19.0,.397,3.3,8.5,.387,4.3,10.5,.405,2.1,2.7,.788,0.9,4.4,5.3,2.8,1.1,0.4,1.9,3.5,20.5,,101,110
3,Draymond Green\greendr01,26,17,17,593,5.8,13.0,.447,2.6,6.3,.410,3.2,6.7,.482,3.7,5.4,.687,1.6,10.9,12.5,8.9,2.5,2.3,2.9,4.8,17.9,,119,100
4,Kevin Durant\duranke01,28,15,15,533,13.4,24.1,.556,3.4,7.7,.442,10.0,16.3,.610,8.3,9.2,.893,1.4,9.2,10.7,5.7,1.1,1.8,3.4,3.5,38.4,,129,105
5,Andre Iguodala\iguodan01,33,16,0,419,5.3,11.5,.455,0.9,4.8,.190,4.3,6.7,.644,1.7,3.0,.577,1.0,6.4,7.4,5.8,1.6,0.8,1.8,3.3,13.1,,109,107
6,David West\westda01,36,17,0,221,7.4,12.8,.576,0.2,0.4,.500,7.1,12.3,.579,1.5,1.9,.778,1.5,8.4,10.0,7.8,1.5,2.8,2.2,5.6,16.5,,124,103
7,Shaun Livingston\livinsh01,31,14,0,220,7.4,12.8,.576,0.0,0.0,,7.4,12.8,.576,1.1,1.5,.714,2.2,4.1,6.3,4.4,1.1,0.4,2.2,5.2,15.9,,115,110
8,Ian Clark\clarkia01,25,16,0,219,8.7,17.3,.506,2.8,7.9,.361,5.9,9.4,.628,3.5,3.7,.941,0.9,4.8,5.7,2.4,1.3,0.0,2.4,3.7,23.8,,115,110
9,Zaza Pachulia\pachuza01,32,15,15,212,7.2,13.5,.533,0.0,0.2,.000,7.2,13.3,.542,2.9,3.8,.765,4.1,8.8,12.9,2.7,1.8,0.9,3.2,7.2,17.4,,109,105
10,Patrick McCaw\mccawpa01,21,15,3,181,5.6,12.7,.438,2.1,6.1,.348,3.4,6.6,.520,2.9,3.4,.846,2.6,6.1,8.7,4.2,2.4,0.8,0.8,3.7,16.1,,128,106
11,JaVale McGee\mcgeeja01,29,16,1,149,13.2,18.0,.732,0.0,0.0,,13.2,18.0,.732,4.2,5.8,.722,7.1,8.4,15.4,1.3,0.6,4.8,2.6,10.0,30.5,,138,103
12,Matt Barnes\barnema02,36,12,0,61,3.1,11.8,.267,0.8,6.3,.125,2.4,5.5,.429,0.0,0.0,,0.0,7.1,7.1,5.5,1.6,0.0,2.4,7.1,7.1,,72,107
13,James Michael McAdoo\mcadoja01,24,13,0,56,7.7,14.5,.529,1.7,4.3,.400,6.0,10.3,.583,3.4,5.1,.667,4.3,6.8,11.1,0.0,1.7,1.7,0.9,4.3,20.5,,126,105
14,Damian Jones\jonesda03,21,4,0,21,6.8,16.0,.429,0.0,0.0,,6.8,16.0,.429,2.3,4.6,.500,9.1,4.6,13.7,0.0,4.6,2.3,0.0,6.8,16.0,,117,100