Rk,,Age,G,MP,PER,TS%,3PAr,FTr,ORB%,DRB%,TRB%,AST%,STL%,BLK%,TOV%,USG%,,OWS,DWS,WS,WS/48,,OBPM,DBPM,BPM,VORP
1,Stephen Curry\curryst01,26,21,826,24.5,.607,.528,.262,2.7,11.1,6.9,29.9,2.4,0.3,14.3,31.0,,2.7,1.2,3.9,.228,,9.1,-0.4,8.7,2.2
2,Draymond Green\greendr01,24,21,784,16.6,.517,.379,.363,6.5,22.8,14.7,21.2,2.5,2.5,17.2,19.2,,0.9,1.7,2.6,.161,,1.7,4.3,6.0,1.6
3,Klay Thompson\thompkl01,24,21,761,14.8,.553,.437,.135,1.3,10.2,5.8,12.1,1.1,2.0,10.4,23.3,,0.9,1.0,1.9,.118,,1.9,-0.4,1.5,0.7
4,Harrison Barnes\barneha02,22,21,681,12.2,.519,.310,.170,7.3,10.3,8.8,7.2,1.3,1.3,9.3,15.6,,0.8,0.8,1.6,.115,,0.8,0.8,1.6,0.6
5,Andre Iguodala\iguodan01,31,21,635,15.4,.546,.480,.380,2.8,13.2,8.1,18.0,2.0,0.9,6.6,15.1,,1.3,1.0,2.2,.170,,2.9,1.3,4.1,1.0
6,Andrew Bogut\bogutan01,30,19,440,14.0,.551,.013,.173,10.3,27.4,19.0,11.9,1.3,6.2,24.4,10.9,,0.4,1.0,1.4,.153,,-1.6,6.1,4.6,0.7
7,Shaun Livingston\livinsh01,29,21,375,11.5,.583,.013,.316,3.8,10.9,7.4,15.1,1.1,1.1,18.9,13.3,,0.5,0.5,0.9,.118,,-1.2,0.7,-0.5,0.1
8,Leandro Barbosa\barbole01,32,21,229,13.3,.532,.261,.250,3.9,8.9,6.4,12.8,1.3,0.3,10.9,21.5,,0.3,0.3,0.5,.113,,-0.3,-1.8,-2.1,0.0
9,Festus Ezeli\ezelife01,25,20,183,16.1,.558,.000,.580,14.5,22.4,18.5,5.2,0.3,4.4,16.1,18.3,,0.3,0.3,0.6,.150,,-2.1,0.6,-1.4,0.0
10,David Lee\leeda02,31,13,107,14.1,.429,.000,.375,11.3,23.1,17.3,11.8,1.4,1.5,4.1,20.4,,0.1,0.2,0.3,.133,,-2.3,0.5,-1.8,0.0
11,Marreese Speights\speigma01,27,10,67,13.2,.381,.000,.357,13.2,20.9,17.1,10.4,3.1,3.6,7.6,35.2,,-0.1,0.2,0.0,.012,,-6.5,0.3,-6.2,-0.1
12,Justin Holiday\holidju01,25,5,11,1.9,.750,.500,.000,0.0,9.8,5.0,13.1,0.0,0.0,50.0,16.3,,0.0,0.0,0.0,-0.078,,-6.1,-2.2,-8.3,0.0
13,James Michael McAdoo\mcadoja01,22,5,10,19.7,.667,.000,.000,11.0,32.3,21.8,0.0,0.0,8.0,25.0,17.9,,0.0,0.0,0.0,.121,,-6.5,-1.5,-8.0,0.0
14,Brandon Rush\rushbr01,29,3,7,-4.5,.250,.333,.000,15.8,30.8,23.4,0.0,0.0,0.0,0.0,38.4,,0.0,0.0,0.0,-0.223,,-15.0,-13.7,-28.7,0.0