Rk,,Age,G,GS,MP,FG,FGA,FG%,3P,3PA,3P%,2P,2PA,2P%,FT,FTA,FT%,ORB,DRB,TRB,AST,STL,BLK,TOV,PF,PTS,,ORtg,DRtg
1,Hakeem Olajuwon\olajuha01,32,22,22,929,17.2,32.3,.531,0.1,0.2,.500,17.1,32.1,.531,6.2,9.2,.681,2.5,10.3,12.7,5.5,1.5,3.5,3.9,5.3,40.7,,110,108
2,Clyde Drexler\drexlcl01,32,22,22,849,9.5,19.8,.481,1.8,6.1,.303,7.7,13.7,.561,6.8,8.6,.786,2.8,6.7,9.5,6.8,2.0,0.9,2.8,4.2,27.6,,120,112
3,Robert Horry\horryro01,24,22,22,841,5.8,13.0,.445,2.7,6.8,.400,3.0,6.1,.495,3.6,4.8,.744,2.5,7.1,9.6,4.7,2.0,1.6,1.6,4.3,17.9,,123,111
4,Kenny Smith\smithke01,29,22,22,652,6.2,14.2,.438,3.7,8.3,.442,2.6,5.9,.432,2.9,3.2,.900,0.6,3.4,3.9,7.9,1.1,0.2,2.5,3.7,19.0,,120,116
5,Mario Elie\eliema01,31,22,6,635,5.7,11.3,.504,2.3,5.3,.431,3.4,5.9,.569,2.9,3.6,.795,1.6,3.5,5.1,4.4,1.7,0.1,1.7,4.5,16.5,,125,115
6,Sam Cassell\cassesa01,25,22,0,485,8.0,18.2,.438,2.6,6.5,.400,5.4,11.7,.459,7.6,9.1,.835,0.9,3.7,4.5,9.6,2.3,0.2,3.5,7.1,26.1,,118,114
7,Chucky Brown\brownch01,26,21,1,326,5.4,12.2,.447,0.2,0.3,.500,5.3,11.8,.446,4.0,5.9,.676,3.2,7.2,10.4,1.1,1.4,0.3,1.9,7.4,15.0,,104,113
8,Pete Chilcutt\chilcpe01,26,20,15,323,5.0,10.3,.484,2.3,5.8,.389,2.7,4.5,.607,2.3,2.7,.824,2.4,6.9,9.4,2.9,1.1,0.6,1.8,6.3,14.5,,122,113
9,Charles Jones\jonesch01,37,19,0,237,1.1,2.9,.385,0.0,0.2,.000,1.1,2.6,.417,0.9,2.6,.333,2.6,7.0,9.7,0.0,0.9,2.2,1.1,12.1,3.1,,88,112
10,Zan Tabak\tabakza01,24,8,0,31,3.4,8.4,.400,0.0,0.0,,3.4,8.4,.400,3.4,3.4,1.000,1.7,0.0,1.7,1.7,1.7,5.0,3.4,8.4,10.1,,89,113
11,Vernon Maxwell\maxweve01,29,1,0,16,3.3,22.8,.143,0.0,6.5,.000,3.3,16.3,.200,3.3,3.3,1.000,0.0,9.8,9.8,3.3,0.0,0.0,3.3,3.3,9.8,,47,115
12,Carl Herrera\herreca01,28,1,0,6,8.7,8.7,1.000,0.0,0.0,,8.7,8.7,1.000,0.0,0.0,,0.0,0.0,0.0,8.7,0.0,0.0,0.0,0.0,17.4,,206,122