Rk,,Age,G,MP,PER,TS%,3PAr,FTr,ORB%,DRB%,TRB%,AST%,STL%,BLK%,TOV%,USG%,,OWS,DWS,WS,WS/48,,OBPM,DBPM,BPM,VORP
1,Hakeem Olajuwon\olajuha01,31,23,989,27.7,.568,.008,.313,6.8,21.2,14.5,20.4,2.2,6.5,12.4,31.4,,2.3,2.0,4.3,.208,,3.3,5.7,9.1,2.8
2,Vernon Maxwell\maxweve01,28,23,880,10.4,.471,.439,.172,1.7,8.3,5.2,17.6,1.2,0.2,12.7,20.5,,-0.2,0.5,0.3,.017,,-0.8,-0.5,-1.3,0.2
3,Otis Thorpe\thorpot01,31,23,854,14.4,.584,.010,.345,9.7,19.7,15.1,10.1,0.8,0.8,14.2,14.2,,1.4,1.0,2.4,.133,,0.4,2.2,2.6,1.0
4,Robert Horry\horryro01,23,23,778,16.7,.541,.394,.226,6.4,13.5,10.2,16.7,2.4,1.8,9.8,16.5,,1.5,1.0,2.5,.152,,2.6,3.0,5.6,1.5
5,Kenny Smith\smithke01,28,23,696,14.7,.585,.402,.275,0.9,7.4,4.4,21.4,1.7,0.4,13.5,16.4,,1.3,0.5,1.7,.119,,1.5,-0.3,1.2,0.6
6,Sam Cassell\cassesa01,24,22,478,16.3,.537,.281,.463,4.8,8.8,7.0,31.2,2.3,0.7,19.6,23.3,,0.6,0.5,1.1,.111,,1.1,0.2,1.3,0.4
7,Mario Elie\eliema01,30,23,382,11.9,.529,.302,.443,2.9,8.5,5.9,15.4,1.1,0.5,14.2,18.0,,0.4,0.2,0.6,.076,,-1.3,-0.7,-2.0,0.0
8,Carl Herrera\herreca01,27,16,248,10.8,.577,.000,.276,6.9,13.2,10.2,1.9,1.1,0.8,9.7,13.5,,0.3,0.2,0.5,.106,,-2.4,-0.4,-2.8,0.0
9,Earl Cureton\curetea01,36,10,100,9.9,.827,.000,.200,7.3,24.2,16.4,3.0,0.5,1.4,21.6,6.5,,0.2,0.1,0.3,.144,,-2.3,1.0,-1.3,0.0
10,Chris Jent\jentch01,24,11,62,4.5,.325,.650,.000,2.0,13.6,8.2,16.7,1.7,0.0,13.0,17.3,,-0.1,0.1,-0.1,-0.060,,-4.8,-0.4,-5.2,-0.1
11,Matt Bullard\bullama01,26,10,55,6.7,.355,.526,.421,4.4,15.3,10.3,0.0,1.0,2.5,0.0,19.1,,-0.1,0.1,0.0,-0.004,,-6.4,-3.9,-10.3,-0.1
12,Scott Brooks\brooksc01,28,5,23,22.8,.854,.167,.167,5.3,4.6,4.9,24.2,0.0,0.0,0.0,13.0,,0.1,0.0,0.1,.277,,7.0,-3.6,3.4,0.0
