Rk,,Age,G,MP,PER,TS%,3PAr,FTr,ORB%,DRB%,TRB%,AST%,STL%,BLK%,TOV%,USG%,,OWS,DWS,WS,WS/48,,OBPM,DBPM,BPM,VORP
1,Kobe Bryant\bryanko01,30,23,940,26.8,.564,.200,.372,2.4,12.8,7.6,26.0,2.1,1.9,8.7,32.9,,3.3,1.4,4.7,.238,,6.8,0.6,7.5,2.2
2,Pau Gasol\gasolpa01,28,23,931,21.9,.622,.000,.507,8.6,22.5,15.6,10.4,1.1,4.1,11.5,18.8,,2.6,1.6,4.3,.221,,3.1,3.4,6.5,2.0
3,Lamar Odom\odomla01,29,23,735,18.0,.587,.170,.388,10.3,23.0,16.7,9.1,1.1,3.5,13.9,17.5,,1.3,1.3,2.6,.173,,1.9,2.6,4.6,1.2
4,Trevor Ariza\arizatr01,23,23,722,14.7,.610,.454,.346,3.6,12.0,7.8,11.6,2.6,1.2,15.1,15.9,,1.0,1.1,2.2,.143,,3.1,1.9,5.0,1.3
5,Derek Fisher\fishede01,34,22,635,8.5,.500,.419,.225,1.3,6.9,4.1,11.5,1.7,0.1,12.0,14.4,,0.2,0.7,0.9,.068,,0.0,-0.2,-0.2,0.3
6,Andrew Bynum\bynuman01,21,23,400,11.8,.493,.000,.339,9.7,15.3,12.6,4.0,1.1,4.4,11.5,18.9,,0.1,0.6,0.8,.092,,-2.5,1.1,-1.5,0.1
7,Luke Walton\waltolu01,28,21,332,10.7,.482,.213,.240,5.7,12.5,9.1,20.0,2.2,0.8,19.4,14.2,,0.1,0.5,0.6,.083,,-0.6,1.4,0.9,0.2
8,Shannon Brown\brownsh01,23,21,276,12.2,.550,.301,.289,3.4,7.1,5.3,7.3,1.9,0.6,9.7,17.2,,0.3,0.3,0.7,.114,,0.4,-0.8,-0.4,0.1
9,Jordan Farmar\farmajo01,22,20,260,12.0,.493,.448,.218,2.3,10.2,6.3,19.8,1.8,1.0,15.9,20.0,,0.0,0.3,0.3,.062,,-0.3,-0.7,-1.0,0.1
10,Sasha Vujacic\vujacsa01,24,23,250,4.2,.368,.560,.066,3.3,11.6,7.5,7.1,2.1,1.3,9.6,19.0,,-0.5,0.4,-0.1,-0.021,,-3.4,-0.4,-3.8,-0.1
11,Josh Powell\poweljo01,26,14,73,13.2,.506,.038,.231,11.3,15.8,13.6,8.8,0.0,1.1,12.3,20.5,,0.1,0.1,0.1,.098,,-1.6,-1.9,-3.5,0.0
12,Didier Ilunga-Mbenga\mbengdj01,28,7,16,-6.6,.167,.000,.000,0.0,21.7,10.9,0.0,0.0,10.5,25.0,22.9,,-0.1,0.0,-0.1,-0.342,,-20.4,0.9,-19.4,-0.1