Rk,,Age,G,GS,MP,FG,FGA,FG%,3P,3PA,3P%,2P,2PA,2P%,FT,FTA,FT%,ORB,DRB,TRB,AST,STL,BLK,TOV,PF,PTS,,ORtg,DRtg
1,Magic Johnson\johnsma02,20,16,,658,7.4,14.2,.518,0.1,0.6,.250,7.2,13.6,.529,6.1,7.6,.802,3.7,8.3,12.0,10.8,3.5,0.4,4.6,3.4,20.9,,117,100
2,Jamaal Wilkes\wilkeja01,26,16,,652,10.1,21.2,.476,0.0,0.1,.000,10.1,21.1,.478,3.2,3.9,.815,3.8,5.4,9.2,3.5,1.7,0.4,2.5,3.7,23.3,,110,105
3,Norm Nixon\nixonno01,24,16,,648,8.3,17.3,.477,0.1,0.4,.200,8.2,17.0,.483,3.0,3.7,.804,0.9,3.1,4.1,9.1,2.3,0.2,3.6,4.3,19.6,,107,106
4,Kareem Abdul-Jabbar\abdulka01,32,15,,618,15.1,26.3,.572,0.0,0.0,,15.1,26.3,.572,6.3,8.0,.790,3.9,9.9,13.8,3.5,1.3,4.4,4.2,3.9,36.4,,118,99
5,Michael Cooper\coopemi01,23,16,,464,5.8,14.2,.407,0.0,0.2,.000,5.8,14.0,.413,3.1,3.6,.861,2.8,3.1,6.0,5.9,2.4,1.1,2.9,5.5,14.7,,102,104
6,Jim Chones\choneji01,30,16,,439,5.1,12.6,.407,0.0,0.0,,5.1,12.6,.407,2.5,3.6,.676,3.4,7.7,11.1,3.0,0.9,0.6,3.4,6.4,12.7,,91,105
7,Mark Landsberger\landsma01,24,16,,195,6.0,16.6,.362,0.0,0.2,.000,6.0,16.4,.368,1.2,1.4,.833,6.0,10.6,16.6,0.5,0.7,0.5,2.4,8.4,13.2,,90,104
8,Spencer Haywood\haywosp01,30,11,,145,8.1,17.2,.472,0.0,0.3,.000,8.1,16.8,.481,4.2,5.2,.813,4.5,3.9,8.4,1.3,0.0,1.9,6.5,5.5,20.4,,89,108
9,Brad Holland\hollabr01,23,9,,32,7.3,14.7,.500,0.0,0.0,,7.3,14.7,.500,5.9,5.9,1.000,2.9,4.4,7.3,4.4,7.3,0.0,4.4,11.7,20.6,,110,95
10,Marty Byrnes\byrnema01,23,4,,8,5.9,17.6,.333,0.0,0.0,,5.9,17.6,.333,23.5,35.2,.667,5.9,0.0,5.9,5.9,0.0,0.0,5.9,0.0,35.2,,110,113
11,Butch Lee\leebu01,23,3,,6,0.0,0.0,,0.0,0.0,,0.0,0.0,,15.7,15.7,1.000,0.0,7.8,7.8,0.0,0.0,0.0,23.5,15.7,15.7,,49,107