Rk,,Age,G,GS,MP,FG,FGA,FG%,3P,3PA,3P%,2P,2PA,2P%,FT,FTA,FT%,ORB,DRB,TRB,AST,STL,BLK,TOV,PF,PTS,,ORtg,DRtg
1,Shaquille O'Neal\onealsh01,27,23,23,1000,15.2,26.9,.566,0.0,0.0,,15.2,26.9,.566,7.2,15.7,.456,6.3,12.6,18.9,3.8,0.7,2.9,3.0,3.6,37.6,,114,104
2,Kobe Bryant\bryanko01,21,22,22,857,10.8,24.5,.442,1.4,4.0,.344,9.4,20.5,.461,5.9,7.8,.754,1.6,4.5,6.1,6.0,2.0,2.0,3.4,5.5,28.9,,107,107
3,Glen Rice\ricegl01,32,23,23,766,6.5,15.8,.408,1.9,4.7,.418,4.5,11.2,.404,4.9,6.2,.798,0.7,5.7,6.4,3.3,1.0,0.3,2.5,3.5,19.8,,107,111
4,Ron Harper\harpero01,36,23,23,643,6.5,15.0,.431,0.7,3.2,.231,5.7,11.7,.486,2.7,3.9,.702,2.5,4.5,7.0,6.0,1.9,1.1,2.3,5.2,16.4,,107,109
5,Robert Horry\horryro01,29,23,0,618,5.1,12.5,.407,1.5,5.1,.288,3.6,7.4,.488,3.4,4.9,.702,3.3,7.3,10.6,5.0,1.7,1.6,2.6,7.6,15.1,,109,106
6,A.C. Green\greenac01,36,23,23,429,4.6,11.2,.411,0.0,0.0,,4.6,11.2,.411,2.0,2.9,.696,5.3,6.6,11.9,1.6,1.7,0.4,1.1,5.5,11.2,,109,108
7,Brian Shaw\shawbr01,33,22,1,408,5.9,13.9,.421,2.1,6.3,.333,3.8,7.7,.492,1.7,2.1,.813,0.9,5.7,6.6,8.7,1.4,0.5,2.2,6.0,15.5,,114,109
8,Rick Fox\foxri01,30,23,0,331,5.3,11.7,.452,2.9,6.3,.462,2.4,5.5,.441,2.6,3.4,.762,1.8,4.3,6.1,4.5,1.4,0.0,2.6,10.9,16.1,,116,111
9,Derek Fisher\fishede01,25,21,0,322,5.6,13.0,.430,2.0,4.8,.414,3.6,8.3,.440,3.1,4.1,.760,0.7,3.0,3.6,6.8,1.8,0.2,1.5,5.0,16.4,,120,111
10,John Salley\sallejo01,35,18,0,78,3.4,8.9,.385,0.0,0.0,,3.4,8.9,.385,4.8,6.8,.700,6.1,8.9,15.0,2.7,0.7,4.1,2.7,10.9,11.6,,107,105
11,Travis Knight\knightr01,25,14,0,48,8.9,16.6,.533,0.0,0.0,,8.9,16.6,.533,2.2,6.6,.333,3.3,2.2,5.5,0.0,1.1,3.3,6.6,17.7,19.9,,78,109
12,Devean George\georgde01,22,9,0,45,8.3,22.5,.368,2.4,11.8,.200,5.9,10.6,.556,7.1,13.0,.545,4.7,7.1,11.8,2.4,1.2,0.0,3.5,5.9,26.0,,97,110