Rk,,Age,G,GS,MP,FG,FGA,FG%,3P,3PA,3P%,2P,2PA,2P%,FT,FTA,FT%,ORB,DRB,TRB,AST,STL,BLK,TOV,PF,PTS,,ORtg,DRtg
1,James Worthy\worthja01,25,18,18,681,12.3,20.9,.591,0.0,0.1,.000,12.3,20.7,.595,5.1,6.8,.753,2.2,4.9,7.1,4.4,2.0,1.5,2.8,2.9,29.8,,123,109
2,Magic Johnson\johnsma02,27,18,18,666,10.5,19.4,.539,0.1,0.7,.200,10.3,18.7,.552,7.0,8.5,.831,2.0,8.0,10.0,15.7,2.2,0.5,3.7,2.7,28.1,,129,107
3,Byron Scott\scottby01,25,18,18,608,8.1,16.5,.490,0.5,2.7,.206,7.5,13.8,.545,4.2,5.3,.791,1.6,3.3,4.9,4.5,1.5,0.3,2.0,4.1,20.9,,117,112
4,Kareem Abdul-Jabbar\abdulka01,39,18,18,559,10.6,20.0,.530,0.0,0.1,.000,10.6,19.9,.532,8.3,10.4,.795,3.3,7.2,10.5,3.1,0.7,3.0,3.4,4.8,29.5,,119,108
5,Michael Cooper\coopemi01,30,18,0,522,7.0,14.5,.484,3.1,6.4,.486,3.9,8.1,.483,4.2,4.9,.852,0.7,4.7,5.4,8.2,2.3,1.3,3.4,4.2,21.4,,123,108
6,A.C. Green\greenac01,23,18,18,505,6.7,12.3,.546,0.0,0.0,,6.7,12.3,.546,6.1,8.2,.747,5.1,8.3,13.4,1.0,0.9,0.8,1.6,4.4,19.6,,130,109
7,Mychal Thompson\thompmy01,32,18,0,401,7.4,16.3,.453,0.0,0.0,,7.4,16.3,.453,4.0,6.0,.680,3.5,7.0,10.5,1.1,0.8,2.0,1.9,6.0,18.8,,107,109
8,Kurt Rambis\rambiku01,28,17,0,215,5.3,9.1,.585,0.0,0.0,,5.3,9.1,.585,6.9,7.5,.912,3.6,11.3,14.9,2.0,1.8,0.7,2.9,9.3,17.5,,129,105
9,Wes Matthews\matthwe01,27,12,0,61,8.6,18.0,.478,0.0,0.8,.000,8.6,17.2,.500,4.7,5.5,.857,0.0,3.1,3.1,7.0,0.8,0.0,10.2,7.0,21.9,,81,113
10,Adrian Branch\brancad01,23,11,0,42,4.5,23.9,.190,0.0,1.1,.000,4.5,22.7,.200,6.8,13.6,.500,3.4,8.0,11.4,5.7,2.3,0.0,5.7,11.4,15.9,,66,107
11,Mike Smrek\smrekmi01,24,10,0,33,2.9,14.5,.200,0.0,0.0,,2.9,14.5,.200,5.8,8.7,.667,4.3,5.8,10.1,0.0,0.0,8.7,1.4,21.7,11.6,,83,105
12,Billy Thompson\thompbi01,23,3,0,27,10.6,19.4,.545,0.0,0.0,,10.6,19.4,.545,3.5,3.5,1.000,5.3,5.3,10.6,3.5,7.1,0.0,0.0,3.5,24.8,,140,99
