Rk,,Age,G,MP,PER,TS%,3PAr,FTr,ORB%,DRB%,TRB%,AST%,STL%,BLK%,TOV%,USG%,,OWS,DWS,WS,WS/48,,OBPM,DBPM,BPM,VORP
1,Magic Johnson\johnsma02,25,19,687,22.3,.599,.031,.522,3.3,16.8,10.7,48.0,2.1,0.3,21.5,20.0,,2.0,1.0,3.0,.210,,4.5,1.2,5.8,1.4
2,James Worthy\worthja01,23,19,626,19.7,.646,.007,.416,6.7,9.8,8.4,8.4,1.2,1.1,7.6,21.2,,2.0,0.6,2.6,.199,,4.7,-0.5,4.2,1.0
3,Kareem Abdul-Jabbar\abdulka01,37,19,610,22.1,.602,.000,.343,9.8,17.1,13.8,16.2,1.7,3.1,13.1,25.2,,1.5,1.0,2.5,.194,,4.1,2.3,6.4,1.3
4,Byron Scott\scottby01,23,19,585,15.9,.560,.079,.165,3.3,6.2,4.9,10.5,3.1,0.4,7.7,20.6,,0.9,0.8,1.7,.136,,2.2,0.5,2.6,0.7
5,Michael Cooper\coopemi01,28,19,501,15.5,.665,.206,.413,2.9,12.8,8.3,20.5,1.9,0.9,19.5,14.3,,1.0,0.6,1.7,.161,,2.7,1.4,4.1,0.8
6,Bob McAdoo\mcadobo01,33,19,398,12.2,.508,.005,.244,7.5,15.4,11.8,4.6,1.0,3.4,13.0,23.9,,-0.1,0.6,0.5,.055,,-3.1,-0.3,-3.4,-0.1
7,Kurt Rambis\rambiku01,26,19,375,13.6,.616,.000,.346,13.4,23.3,18.8,4.9,2.1,1.3,16.9,11.6,,0.5,0.7,1.2,.151,,1.0,2.1,3.2,0.5
8,Mike McGee\mcgeemi01,25,17,260,18.2,.592,.127,.296,9.2,6.2,7.6,6.1,1.2,0.2,8.0,26.0,,0.6,0.2,0.8,.151,,3.2,-3.5,-0.3,0.1
9,Larry Spriggs\sprigla01,25,16,230,11.0,.546,.026,.377,8.3,15.3,12.1,16.5,0.8,1.1,22.5,19.5,,0.0,0.3,0.3,.053,,-1.2,0.4,-0.8,0.1
10,Mitch Kupchak\kupchmi01,30,16,197,9.9,.598,.019,.415,6.7,18.8,13.3,2.9,0.5,1.9,13.8,14.3,,0.2,0.3,0.4,.102,,-1.6,-0.4,-2.0,0.0
11,Ronnie Lester\lestero01,26,9,54,8.6,.501,.000,.600,4.4,11.1,8.1,17.8,0.0,0.0,17.4,16.5,,0.0,0.0,0.1,.058,,-2.5,-1.8,-4.3,0.0
12,Chuck Nevitt\nevitch01,25,7,37,9.7,.399,.000,.889,9.7,8.1,8.9,2.8,4.8,8.6,13.8,15.2,,0.0,0.1,0.1,.069,,-3.5,6.7,3.2,0.0
