Rk,,Age,G,MP,PER,TS%,3PAr,FTr,ORB%,DRB%,TRB%,AST%,STL%,BLK%,TOV%,USG%,,OWS,DWS,WS,WS/48,,OBPM,DBPM,BPM,VORP
1,Magic Johnson\johnsma02,28,24,965,22.9,.600,.043,.471,4.1,11.5,8.0,46.5,1.8,0.2,17.3,22.1,,3.2,0.8,4.0,.198,,4.9,0.6,5.5,1.8
2,Byron Scott\scottby01,26,24,897,16.5,.583,.154,.291,3.6,9.4,6.6,10.3,2.0,0.3,10.5,22.3,,1.6,0.7,2.3,.125,,1.7,0.4,2.1,0.9
3,James Worthy\worthja01,26,24,896,20.3,.567,.023,.328,7.3,10.9,9.2,19.0,1.9,1.3,11.0,24.9,,1.9,0.8,2.8,.148,,2.9,1.6,4.5,1.5
4,A.C. Green\greenac01,24,24,726,13.3,.594,.000,.432,9.7,18.4,14.2,3.8,0.8,1.0,11.4,13.9,,1.1,0.7,1.8,.121,,-0.7,1.0,0.2,0.4
5,Kareem Abdul-Jabbar\abdulka01,40,24,718,13.8,.504,.007,.234,8.4,12.9,10.8,7.7,1.1,3.1,12.1,23.6,,0.1,0.7,0.8,.054,,-2.5,1.2,-1.4,0.1
6,Mychal Thompson\thompmy01,33,24,615,13.8,.531,.000,.325,12.6,19.7,16.3,2.8,1.4,2.1,13.1,18.2,,0.3,0.8,1.1,.086,,-2.3,0.7,-1.7,0.1
7,Michael Cooper\coopemi01,31,24,588,10.2,.535,.473,.206,3.1,8.3,5.8,14.8,1.7,0.9,12.8,12.4,,0.6,0.4,1.0,.081,,-0.2,1.2,1.1,0.5
8,Kurt Rambis\rambiku01,29,19,186,12.3,.642,.000,.382,8.6,23.2,16.2,6.6,1.4,0.6,16.8,11.4,,0.3,0.2,0.5,.126,,-1.8,1.6,-0.2,0.1
9,Tony Campbell\campbto01,25,15,94,10.3,.479,.024,.381,5.2,7.2,6.3,8.1,1.7,0.0,9.3,25.6,,0.0,0.1,0.0,.026,,-3.9,-2.4,-6.2,-0.1
10,Mike Smrek\smrekmi01,25,8,34,1.4,.237,.000,.600,3.6,16.7,10.4,0.0,1.5,5.3,24.0,10.9,,-0.1,0.0,-0.1,-0.092,,-11.6,2.2,-9.4,-0.1
11,Wes Matthews\matthwe01,28,10,27,9.8,.638,.200,2.000,0.0,4.2,2.2,9.5,1.9,0.0,24.2,20.4,,0.0,0.0,0.0,.066,,-3.5,-1.9,-5.4,0.0
12,Milt Wagner\wagnemi01,24,5,14,17.7,.510,.200,.400,0.0,16.2,8.4,30.3,0.0,4.3,0.0,18.7,,0.0,0.0,0.1,.206,,0.5,0.2,0.7,0.0