Rk,,Age,G,GS,MP,FG,FGA,FG%,3P,3PA,3P%,2P,2PA,2P%,FT,FTA,FT%,ORB,DRB,TRB,AST,STL,BLK,TOV,PF,PTS,,ORtg,DRtg
1,Kobe Bryant\bryanko01,22,16,16,694,12.6,26.9,.469,0.8,2.6,.324,11.8,24.4,.485,9.3,11.4,.821,2.2,6.5,8.7,7.3,1.9,0.9,3.8,4.0,35.4,,116,99
2,Shaquille O'Neal\onealsh01,28,16,16,676,14.7,26.5,.555,0.0,0.0,,14.7,26.5,.555,8.1,15.4,.525,7.0,12.0,19.1,3.9,0.5,2.9,4.4,4.2,37.6,,113,96
3,Derek Fisher\fishede01,26,16,16,576,7.0,14.4,.484,3.2,6.2,.515,3.8,8.2,.462,2.4,3.1,.765,0.5,5.1,5.5,4.3,1.9,0.1,1.1,4.0,19.5,,130,101
4,Rick Fox\foxri01,31,16,16,573,5.3,11.7,.450,1.6,5.2,.316,3.6,6.6,.556,2.4,2.7,.867,1.2,6.0,7.2,5.2,2.8,0.6,3.3,5.0,14.6,,106,98
5,Horace Grant\grantho01,35,16,16,423,4.6,11.8,.385,0.0,0.0,,4.6,11.8,.385,2.7,3.7,.733,4.9,6.9,11.8,2.3,1.8,1.6,1.8,5.3,11.8,,103,98
6,Robert Horry\horryro01,30,16,0,382,4.4,11.9,.368,2.3,6.4,.362,2.0,5.5,.375,1.8,3.0,.591,4.1,7.2,11.3,4.2,3.0,2.2,2.5,6.8,12.8,,106,95
7,Brian Shaw\shawbr01,34,16,0,290,4.9,13.0,.375,1.8,5.2,.345,3.1,7.7,.395,1.1,1.6,.667,1.8,8.1,9.9,7.7,1.8,0.2,2.9,6.7,12.6,,102,99
8,Tyronn Lue\luety01,23,15,0,131,4.0,11.5,.345,2.0,5.2,.385,2.0,6.4,.313,1.6,2.0,.800,0.4,3.6,4.0,4.0,4.8,0.4,3.2,4.4,11.5,,90,96
9,Mark Madsen\madsema01,25,13,0,48,1.1,14.1,.077,0.0,0.0,,1.1,14.1,.077,3.3,5.4,.600,6.5,4.3,10.9,4.3,0.0,2.2,2.2,4.3,5.4,,67,103
10,Ron Harper\harpero01,37,6,0,42,6.2,12.4,.500,1.2,5.0,.250,5.0,7.5,.667,2.5,3.7,.667,1.2,8.7,9.9,5.0,5.0,1.2,1.2,5.0,16.1,,124,91
11,Devean George\georgde01,23,7,0,27,11.6,23.2,.500,1.9,3.9,.500,9.7,19.3,.500,1.9,3.9,.500,5.8,3.9,9.7,1.9,0.0,0.0,5.8,11.6,27.1,,97,106
12,Greg Foster\fostegr01,32,1,0,3,0.0,0.0,,0.0,0.0,,0.0,0.0,,0.0,0.0,,0.0,17.4,17.4,0.0,0.0,0.0,0.0,17.4,0.0,,,96
