Rk,,Age,G,GS,MP,FG,FGA,FG%,3P,3PA,3P%,2P,2PA,2P%,FT,FTA,FT%,ORB,DRB,TRB,AST,STL,BLK,TOV,PF,PTS,,ORtg,DRtg
1,Dwyane Wade\wadedw01,24,23,23,959,12.1,24.5,.497,0.8,2.1,.378,11.4,22.4,.507,11.2,13.9,.808,1.6,5.9,7.5,7.3,2.8,1.4,5.0,3.9,36.3,,115,100
2,Antoine Walker\walkean02,29,23,23,862,7.0,17.5,.403,3.0,9.1,.324,4.1,8.3,.489,1.9,3.3,.574,1.0,7.0,8.0,3.5,1.4,0.5,2.9,4.3,18.9,,97,103
3,Shaquille O'Neal\onealsh01,33,23,23,759,12.5,20.4,.612,0.0,0.0,,12.5,20.4,.612,4.8,12.8,.374,5.3,10.5,15.8,2.7,0.8,2.4,6.0,5.9,29.7,,100,100
4,Jason Williams\willija02,30,23,23,686,5.8,14.3,.405,2.0,7.4,.274,3.8,7.0,.544,2.9,3.5,.844,0.2,3.3,3.6,7.0,1.2,0.0,2.8,3.3,16.6,,106,106
5,Udonis Haslem\hasleud01,25,22,22,650,6.1,12.3,.493,0.0,0.1,.000,6.1,12.2,.497,3.4,4.9,.683,4.0,9.2,13.3,1.4,1.1,0.6,2.5,6.5,15.5,,106,102
6,James Posey\poseyja01,29,22,1,607,4.3,10.0,.430,3.1,7.3,.422,1.2,2.7,.452,2.4,3.2,.730,1.3,9.6,11.0,1.8,1.5,0.2,1.0,6.1,14.0,,124,101
7,Gary Payton\paytoga01,37,23,0,560,4.7,11.0,.422,1.6,5.5,.293,3.0,5.5,.552,1.7,2.4,.720,0.6,3.2,3.8,3.4,2.2,0.3,1.7,5.2,12.6,,105,104
8,Alonzo Mourning\mournal01,35,21,0,226,6.1,8.7,.703,0.0,0.0,,6.1,8.7,.703,6.6,9.9,.667,4.0,10.4,14.4,0.7,1.2,5.6,4.0,11.5,18.8,,117,95
9,Shandon Anderson\andersh01,32,13,0,90,2.4,7.7,.308,0.6,1.8,.333,1.8,5.9,.300,2.4,3.5,.667,1.8,5.3,7.1,2.4,0.0,0.6,3.5,4.7,7.7,,77,107
10,Michael Doleac\doleami01,28,8,0,72,5.2,9.6,.538,0.0,0.0,,5.2,9.6,.538,1.5,1.5,1.000,4.4,11.8,16.2,0.0,0.7,0.0,2.2,8.9,11.8,,109,102
11,Derek Anderson\anderde01,31,8,0,66,4.8,16.1,.300,4.0,11.3,.357,0.8,4.8,.167,5.6,6.4,.875,0.0,7.3,7.3,4.0,1.6,0.0,2.4,10.5,19.3,,104,103
12,Wayne Simien\simiewa01,22,2,0,7,0.0,22.8,.000,0.0,0.0,,0.0,22.8,.000,0.0,0.0,,7.6,0.0,7.6,0.0,0.0,0.0,7.6,7.6,0.0,,20,111
13,Jason Kapono\kaponja01,24,1,0,2,0.0,0.0,,0.0,0.0,,0.0,0.0,,0.0,0.0,,0.0,0.0,0.0,0.0,0.0,0.0,0.0,0.0,0.0,,,111