Rk,,Age,G,MP,PER,TS%,3PAr,FTr,ORB%,DRB%,TRB%,AST%,STL%,BLK%,TOV%,USG%,,OWS,DWS,WS,WS/48,,OBPM,DBPM,BPM,VORP
1,LeBron James\jamesle01,28,23,960,28.1,.585,.222,.405,4.8,19.7,12.4,30.5,2.3,1.6,12.1,29.2,,3.7,1.5,5.2,.260,,7.3,2.9,10.2,2.9
2,Dwyane Wade\wadedw01,31,22,782,18.7,.498,.013,.254,6.1,9.9,8.1,24.2,2.7,2.5,14.2,25.3,,0.7,1.0,1.8,.108,,0.5,2.6,3.0,1.0
3,Chris Bosh\boshch01,28,23,751,16.8,.524,.154,.250,6.4,20.8,13.7,7.6,1.7,4.1,9.2,18.9,,1.0,1.2,2.2,.140,,-0.3,3.0,2.7,0.9
4,Mario Chalmers\chalmma01,26,23,650,11.2,.523,.372,.290,1.9,8.0,5.0,17.5,1.8,0.1,15.6,18.2,,0.5,0.5,1.0,.076,,0.2,-0.4,-0.2,0.3
5,Ray Allen\allenra02,37,23,573,14.4,.598,.558,.314,2.9,10.8,6.9,8.3,1.2,0.4,12.1,18.8,,1.1,0.5,1.5,.129,,2.4,-1.1,1.4,0.5
6,Norris Cole\coleno01,24,21,418,12.4,.584,.314,.186,1.8,9.6,5.8,16.1,2.0,0.4,17.2,15.5,,0.5,0.4,0.9,.103,,0.4,0.2,0.6,0.3
7,Shane Battier\battish01,34,22,392,7.4,.489,.946,.301,2.9,9.0,6.0,4.6,0.7,1.3,4.5,13.6,,0.4,0.3,0.6,.077,,0.9,-1.1,-0.2,0.2
8,Udonis Haslem\hasleud01,32,22,357,14.2,.597,.000,.163,9.2,18.4,13.8,2.8,2.3,1.2,13.2,14.4,,0.5,0.5,1.1,.142,,-0.7,0.9,0.3,0.2
9,Chris Andersen\anderch01,34,20,303,24.9,.815,.000,.860,13.3,17.6,15.5,1.7,1.6,6.2,12.3,14.3,,1.4,0.5,1.9,.309,,3.9,2.1,6.1,0.6
10,Mike Miller\millemi01,32,17,232,12.1,.644,.800,.000,1.6,15.7,8.8,10.0,1.9,0.7,10.0,10.4,,0.4,0.3,0.7,.146,,2.0,1.0,2.9,0.3
11,Joel Anthony\anthojo01,30,14,71,6.4,.300,.000,.000,17.7,18.8,18.3,0.0,1.5,4.8,23.1,8.9,,0.0,0.1,0.1,.047,,-5.8,0.4,-5.4,-0.1
12,Rashard Lewis\lewisra02,33,11,47,6.7,.407,.200,.100,2.7,15.5,9.2,14.9,2.3,3.6,22.3,27.7,,-0.2,0.1,-0.1,-0.120,,-8.0,1.3,-6.7,-0.1
13,James Jones\jonesja02,32,9,33,6.0,.643,.571,.000,0.0,11.0,5.6,0.0,0.0,2.6,22.2,13.2,,0.0,0.0,0.0,.019,,-3.8,-2.3,-6.0,0.0
