Rk,,Age,G,GS,MP,FG,FGA,FG%,3P,3PA,3P%,2P,2PA,2P%,FT,FTA,FT%,ORB,DRB,TRB,AST,STL,BLK,TOV,PF,PTS,,ORtg,DRtg
1,LeBron James\jamesle01,27,23,23,983,13.9,27.8,.500,1.2,4.7,.259,12.7,23.1,.549,9.6,13.0,.739,3.0,9.4,12.4,7.2,2.4,0.9,4.5,2.6,38.7,,116,99
2,Dwyane Wade\wadedw01,30,23,23,907,11.8,25.6,.462,0.6,2.0,.294,11.2,23.6,.477,7.3,10.0,.729,1.9,5.3,7.2,6.0,2.3,1.8,4.1,3.9,31.6,,106,101
3,Mario Chalmers\chalmma01,25,23,23,819,6.1,13.8,.442,2.2,6.1,.359,3.9,7.7,.509,2.9,4.0,.717,0.8,4.8,5.6,6.0,1.9,0.4,2.8,4.6,17.3,,110,103
4,Shane Battier\battish01,33,23,16,768,3.8,9.9,.379,3.0,7.8,.382,0.8,2.1,.367,0.9,1.1,.813,1.1,4.2,5.3,1.9,1.6,1.0,1.1,4.9,11.4,,112,104
5,Udonis Haslem\hasleud01,31,22,11,452,4.8,10.6,.455,0.0,0.0,,4.8,10.6,.455,3.1,4.2,.743,4.5,12.5,17.0,1.6,0.6,0.7,2.4,7.2,12.8,,105,100
6,Chris Bosh\boshch01,27,14,10,439,9.1,18.4,.493,0.9,1.6,.538,8.2,16.8,.489,5.3,6.5,.827,4.5,9.1,13.5,1.0,0.7,1.7,2.5,2.5,24.3,,115,102
7,Mike Miller\millemi01,31,23,0,368,5.9,14.7,.404,4.6,11.1,.413,1.3,3.6,.375,1.3,1.6,.818,1.3,7.3,8.6,2.5,1.3,0.3,1.8,6.1,17.8,,114,103
8,Joel Anthony\anthojo01,29,17,1,329,2.8,4.8,.586,0.0,0.0,,2.8,4.8,.586,3.3,4.1,.800,3.6,5.5,9.1,0.3,0.8,2.7,1.3,6.8,8.9,,131,103
9,James Jones\jonesja02,31,20,0,173,5.0,13.6,.372,2.8,9.5,.300,2.2,4.1,.538,3.2,3.2,1.000,1.6,4.7,6.3,0.6,0.9,0.3,1.3,3.8,16.1,,111,106
10,Norris Cole\coleno01,23,19,0,170,3.8,11.9,.324,1.0,3.8,.250,2.9,8.0,.360,2.2,2.9,.778,0.3,2.9,3.2,3.8,2.2,0.0,1.6,7.7,10.9,,92,104
11,Ronny Turiaf\turiaro01,29,12,7,121,4.5,8.1,.556,0.0,0.0,,4.5,8.1,.556,1.4,5.0,.273,5.0,9.0,14.0,0.5,0.5,3.6,2.7,10.4,10.4,,96,100
12,Juwan Howard\howarju01,38,9,0,24,4.5,15.9,.286,0.0,0.0,,4.5,15.9,.286,6.8,9.1,.750,0.0,2.3,2.3,0.0,0.0,0.0,0.0,0.0,15.9,,91,110
13,Terrel Harris\harrite01,24,4,0,10,5.5,10.9,.500,0.0,5.5,.000,5.5,5.5,1.000,16.4,21.8,.750,0.0,16.4,16.4,0.0,0.0,0.0,0.0,0.0,27.3,,145,100
14,Dexter Pittman\pittmde01,23,3,1,8,0.0,13.6,.000,0.0,0.0,,0.0,13.6,.000,0.0,0.0,,0.0,0.0,0.0,6.8,0.0,6.8,0.0,13.6,0.0,,31,103