Rk,,Age,G,MP,PER,TS%,3PAr,FTr,ORB%,DRB%,TRB%,AST%,STL%,BLK%,TOV%,USG%,,OWS,DWS,WS,WS/48,,OBPM,DBPM,BPM,VORP
1,Moses Malone\malonmo01,27,13,524,25.7,.587,.004,.511,15.3,28.2,21.9,6.1,1.8,2.8,12.2,26.0,,1.6,1.2,2.8,.260,,4.5,1.3,5.8,1.0
2,Julius Erving\ervinju01,32,13,493,16.0,.496,.005,.322,7.4,14.8,11.2,13.3,1.5,3.2,13.9,23.6,,0.3,0.8,1.2,.113,,0.6,2.5,3.1,0.6
3,Maurice Cheeks\cheekma01,26,13,483,17.3,.549,.012,.388,2.6,6.3,4.5,27.2,2.7,0.2,15.0,19.6,,0.9,0.6,1.6,.155,,3.1,0.4,3.5,0.7
4,Andrew Toney\toneyan01,25,12,357,15.5,.525,.027,.373,3.5,5.2,4.4,24.9,1.5,0.2,17.3,30.4,,0.3,0.4,0.6,.083,,1.5,-1.9,-0.4,0.1
5,Bobby Jones\jonesbo01,31,12,324,15.9,.593,.013,.256,6.7,13.1,10.0,14.4,2.3,3.2,17.2,13.5,,0.5,0.6,1.1,.164,,2.1,4.1,6.2,0.7
6,Clint Richardson\richacl01,26,13,319,9.6,.486,.000,.205,5.0,8.5,6.8,9.6,2.3,0.5,13.4,13.6,,0.2,0.4,0.6,.092,,-0.3,1.8,1.5,0.3
7,Marc Iavaroni\iavarma01,26,13,283,10.4,.559,.000,.346,8.9,13.4,11.2,8.8,1.4,1.4,17.8,10.7,,0.3,0.4,0.7,.115,,0.7,2.4,3.1,0.4
8,Clemon Johnson\johnscl01,26,12,202,8.4,.493,.000,.082,11.9,11.8,11.9,4.7,1.0,1.4,19.1,12.9,,0.0,0.3,0.3,.060,,-0.9,1.0,0.1,0.1
9,Franklin Edwards\edwarfr01,23,12,101,14.6,.507,.000,.531,2.3,7.5,5.0,22.9,2.4,0.0,13.2,18.8,,0.2,0.1,0.3,.139,,0.2,-0.7,-0.5,0.0
10,Reggie Johnson\johnsre01,25,5,32,3.0,.615,.000,.500,0.0,0.0,0.0,11.7,1.5,0.0,38.1,10.3,,0.0,0.0,0.0,.010,,-4.6,-2.7,-7.3,0.0
11,Earl Cureton\curetea01,25,5,25,-1.3,.250,.000,.000,0.0,21.7,11.2,4.9,4.0,0.0,42.9,11.7,,-0.1,0.1,0.0,-0.095,,-9.4,4.3,-5.1,0.0
12,Mark McNamara\mcnamma01,23,2,2,85.2,1.000,.000,.000,0.0,54.3,27.9,0.0,0.0,0.0,0.0,41.6,,0.1,0.0,0.1,1.486,,23.1,-13.6,9.5,0.0