Rk,,Age,G,GS,MP,FG,FGA,FG%,3P,3PA,3P%,2P,2PA,2P%,FT,FTA,FT%,ORB,DRB,TRB,AST,STL,BLK,TOV,PF,PTS,,ORtg,DRtg
1,Tim Duncan\duncati01,37,23,23,752,10.3,19.6,.523,0.0,0.1,.000,10.3,19.5,.527,5.2,6.9,.760,4.5,10.1,14.5,3.1,0.5,2.0,1.8,3.6,25.8,,120,104
2,Kawhi Leonard\leonaka01,22,23,23,736,8.6,16.8,.510,2.2,5.2,.419,6.4,11.6,.552,3.7,5.1,.736,2.2,8.7,10.9,2.7,2.7,1.0,2.0,4.6,23.1,,119,101
3,Tony Parker\parketo01,31,23,23,719,12.1,24.9,.486,0.9,2.5,.371,11.2,22.4,.498,3.7,5.0,.729,0.4,2.9,3.2,8.0,1.1,0.1,4.5,2.7,28.8,,103,109
4,Boris Diaw\diawbo01,31,23,3,604,6.9,13.7,.500,1.5,3.9,.400,5.3,9.9,.539,2.8,4.1,.688,2.1,7.4,9.5,6.7,1.2,0.3,2.5,3.8,18.1,,118,106
5,Manu Ginobili\ginobma01,36,23,0,586,9.2,20.9,.439,3.6,9.3,.390,5.6,11.7,.477,7.2,8.3,.862,0.8,5.8,6.6,8.4,3.2,0.2,4.6,5.3,29.2,,113,103
6,Danny Green\greenda02,26,23,23,529,7.6,15.6,.491,4.7,9.9,.475,2.9,5.7,.517,0.9,1.1,.818,0.9,5.9,6.8,2.1,3.1,1.7,2.0,4.9,20.9,,118,101
7,Tiago Splitter\splitti01,29,23,18,516,6.1,10.0,.610,0.0,0.1,.000,6.1,9.9,.616,5.1,7.1,.718,4.5,9.5,14.1,4.6,1.6,1.1,1.8,5.3,17.4,,136,103
8,Marco Belinelli\belinma01,27,23,0,356,6.4,14.4,.444,2.3,5.5,.421,4.1,8.9,.459,3.1,3.2,.955,0.6,7.0,7.6,2.8,0.4,0.0,1.7,3.3,18.2,,113,108
9,Patty Mills\millspa02,25,23,0,351,9.3,20.8,.447,4.7,11.7,.405,4.6,9.1,.500,1.5,1.9,.769,0.4,4.7,5.2,4.9,2.5,0.1,2.1,4.6,24.8,,113,105
10,Matt Bonner\bonnema01,33,22,2,136,3.8,8.0,.476,1.5,4.6,.333,2.3,3.4,.667,1.1,1.5,.750,0.8,4.6,5.3,4.2,0.8,0.4,0.8,4.6,10.3,,128,108
11,Aron Baynes\baynear01,27,14,0,101,6.2,12.3,.500,0.0,0.5,.000,6.2,11.8,.522,4.1,5.1,.800,6.2,9.7,15.9,0.0,1.5,0.0,3.6,7.7,16.4,,106,104
12,Cory Joseph\josepco01,22,17,0,87,10.1,20.8,.486,0.0,1.8,.000,10.1,19.1,.531,8.3,10.7,.778,0.6,4.8,5.4,5.4,1.8,0.0,2.4,4.2,28.6,,114,106
13,Jeff Ayres\pendeje02,26,17,0,65,4.8,10.4,.462,0.0,0.0,,4.8,10.4,.462,4.0,6.4,.625,4.8,10.4,15.1,4.0,0.0,0.0,0.8,4.8,13.5,,125,107
14,Austin Daye\dayeau01,25,1,0,6,0.0,17.3,.000,0.0,0.0,,0.0,17.3,.000,0.0,0.0,,0.0,8.6,8.6,0.0,0.0,0.0,0.0,0.0,0.0,,0,108