Rk,,Age,G,MP,PER,TS%,3PAr,FTr,ORB%,DRB%,TRB%,AST%,STL%,BLK%,TOV%,USG%,,OWS,DWS,WS,WS/48,,OBPM,DBPM,BPM,VORP
1,Tim Duncan\duncati01,28,23,869,24.9,.526,.012,.482,12.2,26.6,19.6,14.8,0.5,4.3,10.7,31.1,,1.9,1.6,3.5,.191,,1.4,2.7,4.1,1.3
2,Tony Parker\parketo01,22,23,858,12.0,.490,.131,.238,1.8,7.2,4.6,22.3,1.1,0.2,14.9,26.0,,-0.2,0.7,0.6,.032,,-1.2,-0.9,-2.0,0.0
3,Bruce Bowen\bowenbr01,33,23,814,5.4,.487,.523,.133,1.3,8.1,4.8,6.7,0.7,1.1,10.0,8.7,,0.3,0.7,1.0,.060,,-0.9,2.0,1.1,0.6
4,Manu Ginobili\ginobma01,27,23,772,24.8,.652,.336,.647,3.0,17.2,10.3,23.8,2.0,0.6,15.2,26.3,,3.0,1.2,4.2,.260,,7.2,1.5,8.7,2.1
5,Robert Horry\horryro01,34,23,618,17.9,.591,.521,.252,9.1,14.9,12.0,12.7,1.9,2.3,9.9,15.2,,1.6,1.0,2.6,.199,,4.4,2.9,7.3,1.4
6,Brent Barry\barrybr01,33,23,555,10.5,.617,.629,.200,2.9,9.0,6.0,12.6,1.5,0.5,19.1,11.9,,0.6,0.6,1.2,.107,,1.3,1.1,2.4,0.6
7,Nazr Mohammed\mohamna01,27,23,528,16.3,.559,.008,.376,17.3,17.4,17.4,2.6,1.5,3.1,14.1,15.1,,0.9,0.9,1.7,.158,,0.3,1.8,2.1,0.5
8,Beno Udrih\udrihbe01,22,21,241,7.7,.463,.474,.179,2.0,6.3,4.2,15.2,2.1,0.3,19.2,20.3,,-0.3,0.3,0.0,.000,,-2.6,-0.7,-3.3,-0.1
9,Rasho Nesterovic\nestera01,28,15,114,5.6,.388,.000,.167,11.8,15.3,13.6,2.6,0.5,3.1,23.7,6.9,,0.0,0.2,0.1,.048,,-4.0,2.5,-1.5,0.0
10,Glenn Robinson\robingl01,32,13,113,11.7,.476,.222,.378,2.2,19.6,11.1,1.5,1.5,4.4,10.3,24.3,,0.0,0.2,0.2,.073,,-5.6,-0.5,-6.1,-0.1
11,Devin Brown\brownde02,26,12,60,10.0,.455,.350,.350,2.0,11.6,6.9,8.3,0.9,0.0,4.2,18.8,,0.0,0.1,0.1,.070,,-2.1,-1.9,-4.0,0.0
12,Tony Massenburg\masseto01,37,9,28,5.6,.218,.000,.333,17.4,29.1,23.4,0.0,0.0,0.0,0.0,11.5,,0.0,0.0,0.0,.015,,-8.4,-4.9,-13.3,-0.1