Rk,,Age,G,GS,MP,FG,FGA,FG%,3P,3PA,3P%,2P,2PA,2P%,FT,FTA,FT%,ORB,DRB,TRB,AST,STL,BLK,TOV,PF,PTS,,ORtg,DRtg
1,Tony Parker\parketo01,24,20,20,751,12.1,25.2,.480,0.5,1.5,.333,11.6,23.6,.489,5.2,7.6,.679,1.0,3.8,4.8,8.3,1.6,0.0,4.7,2.4,29.8,,103,107
2,Tim Duncan\duncati01,30,20,20,736,12.8,24.5,.521,0.0,0.0,,12.8,24.5,.521,7.0,10.9,.644,5.4,11.4,16.8,4.8,1.0,4.5,4.3,4.3,32.6,,111,98
3,Bruce Bowen\bowenbr01,35,20,20,689,3.7,9.3,.395,2.6,5.8,.446,1.1,3.5,.311,0.2,0.5,.500,0.9,5.4,6.3,2.0,2.2,0.3,1.1,4.2,10.2,,108,104
4,Manu Ginobili\ginobma01,29,20,0,602,8.9,22.1,.401,3.4,8.9,.384,5.5,13.3,.412,8.7,10.4,.836,1.4,8.3,9.8,6.6,3.0,0.4,3.8,5.5,29.9,,112,100
5,Michael Finley\finlemi01,33,20,20,538,7.3,17.9,.410,4.4,10.5,.419,2.9,7.3,.397,3.5,3.9,.897,0.8,5.0,5.8,2.2,1.1,0.4,1.3,2.8,22.6,,118,106
6,Fabricio Oberto\obertfa01,31,20,12,415,6.5,10.4,.625,0.0,0.1,.000,6.5,10.3,.633,1.6,2.7,.571,5.3,7.4,12.7,1.8,0.8,0.5,1.3,7.0,14.6,,130,105
7,Robert Horry\horryro01,36,18,0,361,3.7,9.0,.417,1.9,5.5,.351,1.8,3.4,.522,2.1,2.5,.824,2.4,8.1,10.5,4.3,1.6,3.6,2.1,4.5,11.5,,115,100
8,Francisco Elson\elsonfr01,30,20,8,230,6.1,10.3,.591,0.0,0.2,.000,6.1,10.1,.605,3.3,4.7,.700,5.2,9.4,14.6,0.5,1.9,1.4,4.5,9.6,15.5,,102,100
9,Brent Barry\barrybr01,35,19,0,225,5.0,14.4,.350,3.6,11.8,.306,1.4,2.6,.545,0.5,0.5,1.000,1.0,5.0,6.0,5.0,1.0,0.5,2.6,4.1,14.2,,98,107
10,Jacque Vaughn\vaughja01,31,20,0,208,5.2,13.0,.400,0.0,0.0,,5.2,13.0,.400,0.8,1.6,.500,0.3,2.1,2.3,7.3,1.0,0.0,2.9,6.2,11.2,,89,109
11,Matt Bonner\bonnema01,26,9,0,25,4.3,15.1,.286,2.2,8.6,.250,2.2,6.5,.333,4.3,4.3,1.000,4.3,2.2,6.5,0.0,4.3,0.0,6.5,13.0,15.1,,76,101
12,Beno Udrih\udrihbe01,24,8,0,20,0.0,16.2,.000,0.0,5.4,.000,0.0,10.8,.000,5.4,5.4,1.000,2.7,0.0,2.7,2.7,0.0,0.0,8.1,5.4,5.4,,35,112