Rk,,Age,G,MP,PER,TS%,3PAr,FTr,ORB%,DRB%,TRB%,AST%,STL%,BLK%,TOV%,USG%,,OWS,DWS,WS,WS/48,,OBPM,DBPM,BPM,VORP
1,Tim Duncan\duncati01,22,50,1963,23.2,.541,.008,.424,9.7,22.2,16.3,12.1,1.2,4.4,12.7,27.2,,4.0,4.7,8.7,.213,,1.5,3.4,4.9,3.4
2,Avery Johnson\johnsav01,33,50,1672,14.0,.487,.026,.191,1.6,6.1,4.0,37.4,1.7,0.5,18.3,17.0,,1.7,2.2,3.9,.111,,-0.5,-0.8,-1.4,0.3
3,David Robinson\robinda01,33,49,1554,24.9,.564,.002,.689,11.4,23.4,17.8,12.1,2.4,5.3,13.6,23.8,,4.0,4.4,8.4,.261,,2.2,5.3,7.4,3.7
4,Sean Elliott\elliose01,30,50,1509,12.6,.493,.235,.276,2.8,12.5,7.9,13.3,0.9,0.8,11.1,19.7,,1.3,2.2,3.5,.113,,-0.5,0.5,0.0,0.7
5,Mario Elie\eliema01,35,47,1291,14.5,.593,.323,.360,3.3,8.3,6.0,11.5,1.9,0.6,13.7,16.0,,2.6,1.9,4.5,.169,,1.7,1.1,2.8,1.6
6,Jaren Jackson\jacksja01,31,47,861,12.5,.500,.518,.137,2.9,9.6,6.5,9.6,2.6,0.7,10.9,18.3,,0.6,1.5,2.1,.119,,0.4,0.8,1.2,0.7
7,Steve Kerr\kerrst01,33,44,734,9.9,.507,.460,.201,1.0,5.5,3.4,10.6,1.7,0.3,10.4,13.4,,0.7,0.9,1.6,.103,,-0.9,-0.1,-0.9,0.2
8,Jerome Kersey\kerseje01,36,45,699,7.4,.352,.070,.070,7.2,13.3,10.4,9.4,2.9,1.4,12.7,15.7,,-0.9,1.5,0.6,.040,,-4.3,3.0,-1.3,0.1
9,Antonio Daniels\daniean01,23,47,614,16.1,.520,.093,.355,2.5,7.1,4.9,29.5,2.6,0.7,17.2,19.4,,0.8,1.0,1.8,.143,,-0.4,-0.1,-0.5,0.2
10,Malik Rose\rosema01,24,47,608,19.7,.535,.005,.726,17.7,16.0,16.8,8.4,3.6,2.5,17.4,24.6,,1.0,1.6,2.6,.204,,0.7,2.7,3.4,0.8
11,Will Perdue\perduwi01,33,37,445,11.7,.630,.000,.433,8.9,25.0,17.4,6.4,1.1,1.5,23.5,9.8,,0.5,1.0,1.5,.160,,-2.2,2.5,0.3,0.3
12,Gerard King\kingge02,26,19,63,13.6,.525,.000,1.286,11.4,13.5,12.5,10.2,1.7,1.1,15.4,19.1,,0.1,0.1,0.2,.166,,-1.2,0.6,-0.7,0.0
13,Andrew Gaze\gazean01,33,19,58,8.5,.420,.640,.000,4.1,5.5,4.8,17.8,1.9,1.2,13.8,23.2,,-0.1,0.1,0.0,.025,,-1.1,-1.7,-2.8,0.0
14,Brandon Williams\willibr01,23,3,4,24.4,.568,,,29.9,0.0,14.0,0.0,0.0,0.0,0.0,20.5,,0.0,0.0,0.0,.328,,4.6,-7.9,-3.3,0.0