Rk,,Age,G,MP,PER,TS%,3PAr,FTr,ORB%,DRB%,TRB%,AST%,STL%,BLK%,TOV%,USG%,,OWS,DWS,WS,WS/48,,OBPM,DBPM,BPM,VORP
1,Tony Parker\parketo01,22,80,2735,18.0,.528,.140,.289,2.0,10.7,6.4,33.2,1.9,0.1,14.6,25.1,,3.6,4.5,8.1,.141,,1.9,0.5,2.3,3.0
2,Bruce Bowen\bowenbr01,33,82,2627,9.5,.521,.423,.187,2.2,10.5,6.3,7.5,1.1,1.1,8.1,12.5,,2.1,4.0,6.1,.111,,-0.6,1.8,1.1,2.1
3,Tim Duncan\duncati01,28,66,2203,27.0,.540,.009,.437,10.7,28.2,19.4,16.1,1.1,5.7,9.3,28.9,,5.5,5.7,11.2,.245,,1.9,4.5,6.4,4.7
4,Manu Ginobili\ginobma01,27,74,2193,22.3,.609,.331,.567,4.0,13.6,8.8,23.0,2.9,0.9,15.0,24.3,,6.4,4.6,11.0,.240,,4.8,2.2,7.0,5.0
5,Rasho Nesterovic\nestera01,28,70,1785,12.0,.463,.000,.070,12.0,18.0,15.0,6.3,0.9,4.7,14.1,13.5,,0.5,3.8,4.2,.114,,-2.7,4.1,1.4,1.5
6,Brent Barry\barrybr01,33,81,1742,14.0,.580,.610,.294,1.9,10.8,6.4,16.3,1.2,0.8,11.0,15.6,,3.5,2.7,6.1,.168,,1.7,0.3,2.0,1.8
7,Robert Horry\horryro01,34,75,1396,14.9,.533,.368,.291,7.6,14.8,11.2,9.2,2.6,3.1,14.0,16.4,,1.4,3.1,4.6,.157,,-0.1,3.6,3.5,1.9
8,Devin Brown\brownde02,26,67,1238,14.6,.530,.296,.318,3.5,13.2,8.3,12.4,1.7,0.7,10.2,19.5,,1.6,2.1,3.7,.145,,-0.2,0.6,0.4,0.7
9,Beno Udrih\udrihbe01,22,80,1149,14.3,.549,.364,.228,1.6,6.8,4.2,22.2,1.9,0.6,15.2,20.5,,1.3,1.8,3.1,.128,,0.1,-0.9,-0.7,0.4
10,Malik Rose\rosema01,30,50,862,14.0,.510,.015,.371,12.9,17.9,15.4,8.0,1.9,0.8,15.3,19.8,,0.6,1.7,2.3,.130,,-1.8,1.4,-0.4,0.3
11,Tony Massenburg\masseto01,37,61,699,8.5,.467,.000,.346,9.0,18.3,13.6,3.2,1.4,2.1,16.0,16.6,,-0.3,1.4,1.1,.078,,-5.4,1.1,-4.3,-0.4
12,Nazr Mohammed\mohamna01,27,23,414,14.2,.426,.000,.394,22.0,19.5,20.8,3.2,0.7,5.8,13.9,21.8,,-0.1,0.9,0.8,.095,,-4.0,1.2,-2.8,-0.1
13,Mike Wilks\wilksmi01,25,48,278,11.0,.482,.208,.208,1.7,8.8,5.3,19.1,2.7,0.3,14.3,16.4,,0.1,0.5,0.6,.099,,-2.7,0.5,-2.2,0.0
14,Sean Marks\marksse01,29,23,244,8.7,.412,.038,.350,8.6,18.2,13.4,5.2,0.7,3.3,13.2,20.3,,-0.3,0.5,0.2,.038,,-6.6,0.7,-5.9,-0.2
15,Glenn Robinson\robingl01,32,9,157,17.2,.517,.078,.299,3.0,14.9,8.9,9.8,1.4,1.4,7.4,27.9,,0.2,0.3,0.5,.147,,-1.8,-1.0,-2.9,0.0
16,Dion Glover\glovedi01,26,7,68,14.0,.473,.364,.455,5.2,13.8,9.5,9.5,2.4,3.2,7.0,19.4,,0.1,0.1,0.2,.150,,-1.4,1.8,0.5,0.0
17,Linton Johnson\johnsli01,24,2,15,-3.4,.000,.500,.000,0.0,23.4,11.7,0.0,3.6,0.0,33.3,9.3,,-0.1,0.0,0.0,-0.122,,-13.4,1.9,-11.5,0.0