Rk,,Age,G,GS,MP,FG,FGA,FG%,3P,3PA,3P%,2P,2PA,2P%,FT,FTA,FT%,ORB,DRB,TRB,AST,STL,BLK,TOV,PF,PTS,,ORtg,DRtg
1,Tim Duncan\duncati01,30,80,80,2726,12.1,22.2,.546,0.0,0.2,.111,12.1,22.0,.550,7.1,11.1,.637,4.2,12.4,16.6,5.4,1.3,3.7,4.4,4.0,31.4,,111,94
2,Tony Parker\parketo01,24,77,77,2499,12.2,23.5,.520,0.3,0.8,.395,11.9,22.6,.525,5.9,7.5,.783,0.7,4.6,5.3,9.0,1.8,0.1,4.1,2.9,30.6,,112,102
3,Bruce Bowen\bowenbr01,35,82,82,2464,4.1,10.1,.405,1.9,5.0,.384,2.2,5.1,.426,0.9,1.6,.589,0.5,4.3,4.8,2.5,1.3,0.5,1.4,3.8,11.1,,101,103
4,Manu Ginobili\ginobma01,29,75,36,2060,10.3,22.2,.464,3.3,8.4,.396,7.0,13.8,.505,8.3,9.7,.860,1.5,7.0,8.5,6.8,2.8,0.7,4.1,4.0,32.2,,117,98
5,Michael Finley\finlemi01,33,82,16,1823,8.0,19.4,.412,3.1,8.4,.364,5.0,11.1,.448,2.6,2.9,.918,1.0,5.5,6.5,3.2,0.9,0.5,1.3,2.2,21.7,,108,103
6,Brent Barry\barrybr01,35,75,28,1631,6.6,13.9,.475,4.2,9.4,.446,2.4,4.5,.536,3.4,3.8,.880,0.6,4.7,5.2,4.5,1.8,0.4,2.0,2.9,20.8,,126,102
7,Fabricio Oberto\obertfa01,31,79,33,1365,6.2,11.0,.562,0.0,0.0,,6.2,11.0,.562,1.3,2.0,.647,5.1,9.3,14.4,2.7,1.0,0.9,2.7,8.3,13.7,,112,100
8,Francisco Elson\elsonfr01,30,70,41,1332,5.8,11.3,.511,0.0,0.1,.000,5.8,11.2,.514,2.5,3.2,.775,3.3,10.2,13.5,2.2,1.2,2.4,3.5,7.4,14.1,,100,97
9,Robert Horry\horryro01,36,68,8,1124,4.3,11.9,.359,2.4,7.1,.336,1.9,4.9,.392,1.8,3.0,.594,3.5,7.4,10.9,3.7,2.1,2.0,2.1,5.0,12.7,,104,98
10,Beno Udrih\udrihbe01,24,73,1,948,7.2,19.4,.369,1.9,6.5,.287,5.3,12.9,.410,3.0,3.4,.883,0.6,4.0,4.6,6.9,1.5,0.1,3.2,3.9,19.2,,95,103
11,Jacque Vaughn\vaughja01,31,64,4,760,5.0,11.7,.425,0.1,0.1,.500,4.9,11.6,.424,3.4,4.6,.754,0.6,4.2,4.8,9.2,1.7,0.1,2.8,5.2,13.5,,105,102
12,Matt Bonner\bonnema01,26,56,0,653,8.7,19.4,.447,2.9,7.7,.383,5.7,11.7,.490,2.2,3.1,.711,5.2,7.5,12.8,1.8,1.4,0.9,2.0,5.5,22.5,,111,100
13,James White\whiteja02,24,6,2,137,7.0,16.0,.439,0.8,2.7,.286,6.2,13.3,.471,4.7,5.9,.800,1.2,6.6,7.8,2.0,1.2,0.4,2.0,2.7,19.5,,104,102
14,Jackie Butler\butleja01,21,11,2,103,8.3,18.2,.457,0.0,0.0,,8.3,18.2,.457,4.7,5.2,.900,3.1,8.3,11.4,2.6,1.0,0.0,5.2,8.3,21.3,,93,101
15,Eric Williams\willier01,34,16,0,88,9.1,20.7,.441,4.9,10.3,.471,4.3,10.3,.412,2.4,4.3,.571,0.6,7.9,8.5,3.6,1.2,0.0,3.0,3.6,25.5,,105,101
16,Melvin Ely\elyme01,28,6,0,65,4.9,16.5,.300,0.0,0.0,,4.9,16.5,.300,5.8,9.9,.583,2.5,9.0,11.5,3.3,3.3,1.6,4.1,9.9,15.6,,78,94